714
714
714
714
714
714
714
714
714
714
714
714
714
714
714
714
714
714
714
714
714
714
714
714
714
714
714
714
714
714
714
714
714
714
714
714
714
714
714
714
713
713
713
713
713
713
713
713
713
712
712
712
712
712
712
712
711
711
711
711
711
711
710
710
710
710
710
709
709
709
709
709
708
708
708
708
708
707
707
707
707
706
706
706
706
705
705
705
705
705
704
704
704
704
703
703
703
703
702
702
702
701
701
701
701
700
700
700
699
699
699
699
698
698
697
697
697
697
696
696
696
695
695
695
694
694
694
693
693
693
692
692
692
691
691
691
690
690
690
689
689
689
688
688
688
687
687
686
686
686
685
685
685
684
684
683
683
683
682
682
681
681
681
680
680
680
679
679
678
678
678
677
677
676
676
676
675
675
674
674
673
673
673
672
672
671
671
671
670
670
669
669
668
668
668
667
667
666
666
665
665
665
664
664
663
663
662
662
661
661
660
660
659
659
659
658
658
657
657
656
656
655
655
654
654
653
653
653
652
652
651
651
650
650
649
649
648
648
647
647
646
646
645
645
644
644
643
643
642
642
641
641
640
640
639
639
638
638
637
636
636
635
635
634
634
633
633
632
632
631
631
630
630
629
629
628
628
627
627
626
626
625
624
624
623
623
622
622
621
620
620
619
619
618
618
617
617
616
615
615
614
614
613
613
612
612
611
610
610
609
608
608
607
606
606
605
605
604
603
603
602
601
601
600
599
599
598
597
597
596
595
595
594
594
593
592
592
591
590
590
589
588
588
587
586
585
585
584
583
583
582
581
581
580
579
578
578
577
576
575
575
574
573
572
572
571
570
569
569
568
567
566
566
565
564
563
563
562
561
561
560
559
558
557
557
556
555
554
554
553
552
551
551
550
549
548
547
547
546
545
544
544
543
542
541
540
540
539
538
537
536
535
535
534
533
532
531
530
529
529
528
527
526
525
524
523
523
522
521
520
519
518
517
516
515
515
514
513
512
511
510
509
508
507
507
506
505
504
503
502
501
500
499
498
497
497
496
495
494
493
492
491
490
489
488
487
486
485
484
483
482
481
480
479
478
478
477
476
475
474
473
472
471
470
469
468
467
467
466
465
464
463
462
461
460
459
458
457
456
455
454
453
452
451
451
450
449
448
447
446
445
444
444
443
442
441
440
439
438
438
437
436
435
434
433
432
432
431
430
429
428
427
427
426
425
424
423
422
422
421
420
419
418
417
417
416
415
414
413
412
412
411
410
409
408
407
407
406
405
404
403
403
402
401
400
399
399
398
397
396
395
395
394
393
392
392
391
390
389
388
388
387
386
386
385
384
383
383
382
381
380
380
379
378
377
377
376
375
374
374
373
372
371
371
370
369
368
368
367
366
365
365
364
363
363
362
361
360
360
359
358
358
357
356
356
355
354
353
353
352
351
351
350
349
349
348
347
347
346
345
345
344
343
342
342
341
340
340
339
338
338
337
336
335
335
334
333
333
332
331
331
330
329
329
328
327
326
326
325
324
324
323
322
322
321
320
320
319
318
318
317
316
316
315
314
314
313
312
312
311
310
310
309
308
307
307
306
305
305
304
303
303
302
301
301
300
300
299
298
298
297
296
296
295
294
294
293
293
292
291
291
290
289
289
288
287
287
286
285
285
284
283
283
282
282
281
280
280
279
278
278
277
277
276
275
275
274
273
273
272
272
271
270
270
269
268
268
267
267
266
265
265
264
264
263
262
262
261
260
260
259
259
258
257
257
256
256
255
254
254
253
253
252
251
251
250
250
249
248
248
247
247
246
245
245
244
244
243
242
242
241
241
240
240
239
238
238
237
237
236
235
235
234
234
233
233
232
231
231
230
230
229
229
228
227
227
226
226
225
225
224
223
223
222
222
221
220
220
219
219
218
218
217
217
216
216
215
214
213
213
212
212
211
210
210
209
209
208
207
207
206
205
204
204
203
202
201
200
200
199
198
197
196
196
195
194
194
193
192
192
192
191
191
191
190
190
190
190
190
190
190
190
190
190
190
190
190
191
191
191
191
191
191
191
192
192
192
192
192
192
192
192
193
193
193
193
193
193
193
193
194
194
194
194
194
194
194
195
195
195
195
195
195
195
195
195
195
195
195
196
196
196
196
196
196
196
196
196
196
196
196
196
196
196
196
196
196
196
196
196
196
196
196
196
195
195
195
195
195
195
195
195
195
195
195
195
195
195
195
194
194
194
194
195
195
196
196
197
197
198
199
199
200
200
201
202
202
203
204
204
205
206
206
207
208
209
209
210
211
211
212
213
213
214
215
215
216
216
217
218
219
219
220
221
221
222
223
223
224
225
225
226
227
228
228
229
230
231
231
232
233
234
234
235
236
237
237
238
239
240
240
241
242
243
244
244
245
246
247
248
248
249
250
251
252
253
253
254
255
256
257
258
258
259
260
261
262
263
264
265
266
267
268
269
270
271
272
272
273
274
275
276
277
278
279
280
281
281
282
283
284
285
286
287
288
288
289
290
291
292
293
293
294
295
296
297
298
299
299
300
301
302
303
304
305
305
306
307
308
309
310
310
311
312
313
314
315
315
316
317
318
319
320
320
321
322
323
324
325
325
326
327
328
329
330
330
331
332
333
334
334
335
336
337
338
338
339
340
341
342
342
343
344
345
346
346
347
348
349
350
350
351
352
353
354
354
355
356
357
358
358
359
360
361
362
362
363
364
365
366
366
367
368
369
370
370
371
372
373
373
374
375
376
377
377
378
379
380
380
381
382
383
383
384
385
386
386
387
388
389
389
390
391
392
392
393
394
395
395
396
397
398
398
399
400
400
401
402
403
403
404
405
406
407
407
408
409
409
410
411
411
412
413
413
414
415
416
416
417
417
418
419
419
420
421
421
422
423
423
424
425
425
426
426
427
428
428
429
429
430
431
431
432
432
433
433
434
435
435
436
436
437
437
438
438
439
439
440
440
441
441
442
442
443
443
444
444
445
445
446
446
446
447
447
448
448
448
449
449
450
450
450
451
451
451
452
452
452
453
453
453
453
454
454
454
454
454
454
455
455
455
455
455
455
455
455
455
455
455
455
455
455
454
454
454
453
453
453
452
452
452
451
451
450
450
450
449
448
448
447
447
446
446
445
445
444
444
443
442
442
441
441
440
439
439
438
437
437
436
436
435
434
433
433
432
431
430
430
429
428
427
427
426
425
424
423
422
421
420
419
419
418
417
416
415
414
413
413
412
411
410
409
408
407
406
405
404
404
403
402
401
400
399
398
397
396
395
395
394
393
392
391
390
389
388
387
387
386
385
384
383
382
381
380
380
379
378
378
377
376
376
375
374
373
373
372
371
371
370
369
369
368
367
367
366
365
365
364
364
363
363
362
362
361
361
360
360
359
359
358
358
358
357
357
357
357
356
356
356
356
356
356
357
357
357
358
358
359
359
360
361
361
362
363
363
364
365
366
367
368
369
370
371
372
373
374
375
376
377
378
378
379
380
381
382
383
383
383
383
382
382
381
381
380
379
379
378
378
377
377
376
375
375
374
374
373
372
372
371
370
370
369
368
368
367
366
366
365
364
363
363
362
361
361
360
359
358
358
357
356
356
355
354
353
353
352
351
351
350
349
348
348
347
346
345
345
344
343
343
342
341
340
339
338
338
337
336
335
334
333
332
331
330
329
328
328
327
326
325
324
324
323
322
321
321
320
319
319
318
317
317
316
316
315
315
314
313
313
312
312
311
311
310
310
309
309
309
308
308
307
307
307
306
306
306
305
305
305
305
305
305
304
304
304
304
304
304
304
304
304
304
304
305
305
305
305
305
306
306
306
307
307
307
308
308
309
309
309
310
310
310
311
311
312
312
313
313
314
314
315
315
316
316
317
317
318
318
319
319
320
320
321
321
322
323
323
324
324
325
325
326
326
327
328
328
329
330
330
331
332
332
333
333
334
335
335
336
336
337
337
338
339
339
340
340
341
342
342
343
344
344
345
346
346
347
347
348
349
350
350
351
352
352
353
354
354
355
356
356
357
358
359
359
360
361
361
362
363
364
364
365
366
367
367
368
369
370
371
371
372
373
374
375
375
376
377
378
379
380
380
381
382
383
384
385
386
386
387
388
389
390
391
392
393
393
394
395
396
397
398
399
399
400
401
402
403
404
405
406
407
408
408
409
410
411
412
413
414
415
416
417
418
419
420
421
422
423
424
425
426
427
428
429
430
430
431
432
433
434
435
436
436
437
438
439
440
441
441
442
443
444
445
446
446
447
448
449
450
450
451
452
453
454
454
455
456
457
457
458
459
460
460
461
462
463
463
464
465
465
466
467
468
468
469
470
470
471
472
472
473
474
474
475
476
477
477
478
478
479
480
480
481
482
482
483
484
484
485
486
486
487
487
488
489
489
490
490
491
491
492
492
493
494
494
495
495
496
496
497
497
498
498
499
499
500
500
501
501
502
502
503
503
504
504
504
505
505
505
506
506
506
507
507
507
508
508
508
508
509
509
509
509
509
510
510
510
510
510
510
510
511
511
511
511
511
511
511
511
511
511
511
511
511
511
511
511
510
510
510
510
510
510
510
510
510
509
509
509
509
509
509
509
508
508
508
508
508
508
507
507
507
507
506
506
506
506
505
505
505
504
504
504
503
503
503
502
502
502
501
501
501
500
500
500
499
499
498
498
498
497
497
496
496
496
495
495
494
494
494
493
493
492
492
491
491
490
490
489
489
489
488
488
487
487
486
486
485
485
484
484
483
483
482
482
481
481
480
480
479
479
478
477
477
476
476
475
475
474
474
473
473
472
472
471
470
470
469
469
468
468
467
466
466
465
465
464
463
463
462
462
461
461
460
459
459
458
458
457
456
456
455
454
454
453
452
452
451
450
450
449
448
448
447
446
446
445
444
444
443
442
442
441
440
439
439
438
437
437
436
435
435
434
433
432
432
431
430
430
429
428
427
427
426
425
424
424
423
422
421
421
420
419
419
418
417
416
416
415
414
413
413
412
411
410
410
409
408
407
407
406
405
404
404
403
402
401
401
400
399
398
398
397
396
395
395
394
393
392
391
391
390
389
388
388
387
386
385
384
384
383
382
381
380
380
379
378
377
376
376
375
374
373
373
372
371
370
369
369
368
367
366
366
365
364
363
362
361
361
360
359
358
358
357
356
355
354
354
353
352
351
350
349
349
348
347
346
345
345
344
343
342
341
340
340
339
338
337
336
335
335
334
333
332
331
330
329
329
328
327
326
325
324
324
323
322
321
320
319
318
317
317
316
315
314
313
312
311
311
310
309
308
307
306
305
304
303
303
302
301
300
299
298
297
296
295
294
293
292
291
290
289
288
287
287
286
285
284
283
282
281
280
279
278
277
276
275
274
273
272
271
270
269
268
267
266
265
264
263
262
261
260
260
259
258
257
256
255
254
253
252
251
250
249
249
248
247
246
245
244
243
242
241
241
240
239
238
237
236
236
235
234
233
232
231
231
230
229
228
227
226
226
225
224
223
222
221
221
220
219
218
217
217
216
215
214
214
213
212
211
210
210
209
208
207
207
206
205
204
204
203
202
201
201
200
199
199
198
197
197
196
195
194
194
193
192
192
191
190
190
189
188
188
187
186
186
185
184
183
183
183
183
183
183
183
183
183
183
183
182
182
182
182
182
182
182
182
182
182
182
182
181
181
181
181
181
181
181
181
181
181
181
180
180
180
180
180
180
180
180
180
180
180
180
180
180
180
180
180
180
180
180
180
180
180
180
180
180
180
180
180
181
181
181
181
181
181
181
181
181
181
181
181
181
181
181
181
181
181
181
181
182
182
182
182
183
183
183
183
184
184
184
184
185
185
185
186
186
186
186
187
187
187
188
188
188
188
189
189
189
190
190
190
191
191
191
192
192
192
193
193
193
194
194
194
195
195
195
196
196
197
197
197
198
198
198
199
199
199
200
200
201
201
201
202
202
202
203
203
204
204
204
205
205
205
206
206
207
207
207
208
208
209
209
209
210
210
211
211
212
212
212
213
213
213
213
214
214
214
215
215
215
215
216
216
216
216
217
217
217
217
217
218
218
218
218
218
219
219
219
219
219
219
220
220
220
220
220
220
220
220
220
220
220
220
221
221
221
221
221
221
221
221
221
221
221
221
221
221
221
221
221
221
221
221
220
220
220
220
220
220
220
220
220
220
220
221
222
222
223
224
224
225
226
226
227
227
228
229
229
230
230
231
231
232
233
233
233
234
235
235
235
236
237
237
237
238
238
239
239
240
240
240
241
241
242
242
242
243
243
244
244
244
245
245
245
246
246
246
247
247
247
248
248
248
248
249
249
249
249
250
250
250
250
250
250
250
250
250
250
250
251
252
253
254
255
256
256
257
258
259
260
261
262
263
264
264
265
266
267
268
269
270
271
272
272
273
274
275
276
277
278
279
280
280
281
282
283
284
285
286
287
287
288
289
290
291
292
293
293
294
295
296
297
298
299
299
300
301
302
303
304
305
305
306
307
308
309
310
311
311
312
313
314
315
316
317
317
318
319
320
321
322
323
323
324
325
326
327
328
329
329
330
331
332
333
334
335
335
336
337
338
339
340
341
342
342
343
344
345
346
347
348
349
349
350
351
352
353
354
355
356
356
357
358
359
360
361
362
363
364
364
365
366
367
368
369
370
370
371
372
373
374
375
376
377
378
378
379
380
381
382
383
384
385
386
386
387
388
389
390
391
392
393
394
394
395
396
397
398
399
400
401
402
403
404
404
405
406
407
408
409
410
411
412
413
413
414
415
416
417
418
419
420
421
422
423
424
425
425
426
427
428
429
430
431
432
433
434
435
436
437
438
439
440
440
441
442
443
444
445
446
447
448
449
450
451
452
453
454
455
456
457
458
459
460
461
462
463
464
465
466
467
468
469
470
471
472
473
474
475
476
477
478
478
479
480
481
482
483
484
485
486
487
488
489
490
490
491
492
493
494
495
496
497
498
499
499
500
501
502
503
504
505
506
506
507
508
509
510
511
511
512
513
514
515
516
516
517
518
519
520
520
521
522
523
524
524
525
526
527
527
528
528
528
528
528
528
529
529
529
529
529
530
530
530
530
531
531
531
531
532
532
532
533
533
533
533
534
534
534
535
535
535
536
536
536
537
537
537
538
538
539
539
539
540
540
540
541
541
542
542
542
543
543
543
544
544
545
545
545
546
546
547
547
548
548
548
549
549
550
550
551
551
552
552
553
553
554
554
555
555
556
556
557
557
558
558
559
560
560
561
561
562
563
563
564
564
565
566
566
567
567
568
569
569
570
571
571
572
572
573
574
575
575
576
577
578
578
579
580
581
581
582
583
584
584
585
586
587
588
588
589
590
591
592
593
593
594
595
596
597
598
599
600
600
601
602
603
604
605
606
607
608
609
610
611
612
613
614
615
615
616
617
618
619
620
621
622
622
623
624
625
626
626
627
628
629
630
631
631
632
633
634
634
635
636
636
637
638
639
639
640
641
642
642
643
643
644
645
646
646
647
648
649
649
650
650
651
651
652
652
653
653
654
654
655
655
656
656
657
657
658
658
659
659
660
660
661
661
662
662
663
663
664
664
665
665
666
666
667
667
668
668
669
669
670
670
670
671
671
672
672
673
673
674
674
675
675
675
676
676
677
677
678
678
679
679
680
680
680
681
681
682
682
682
683
683
684
684
685
685
685
686
686
687
687
687
688
688
689
689
689
690
690
691
691
691
692
692
693
693
693
694
694
694
695
695
696
696
696
697
697
697
698
698
698
699
699
699
700
700
700
701
701
701
702
702
702
702
703
703
703
703
704
704
704
704
705
705
705
705
706
706
706
706
707
707
707
707
708
708
708
708
709
709
709
709
710
710
710
710
711
711
711
711
712
712
712
712
712
713
713
713
713
713
713
713
713
713
713
713
713
713
713
713
713
713
713
713
713
713
713
713
713
