386
385
384
383
383
382
381
381
380
380
379
378
378
377
377
377
376
376
375
375
375
374
374
373
373
373
372
372
372
371
371
370
370
370
369
369
369
368
368
368
368
367
367
367
367
366
366
366
366
366
365
365
365
365
365
365
365
365
365
365
365
365
365
365
365
366
366
366
366
367
367
367
367
368
368
369
369
369
370
370
371
372
372
373
374
374
375
376
376
377
378
379
380
381
382
383
384
385
386
387
387
388
389
389
390
391
392
392
393
393
394
394
395
395
396
396
397
397
398
398
399
399
400
400
401
401
401
402
402
403
403
403
404
404
405
405
405
406
406
406
407
407
408
408
408
408
409
409
409
410
410
410
410
411
411
411
411
411
412
412
412
412
412
412
413
413
413
413
413
413
412
412
412
412
411
411
411
410
410
409
409
408
408
407
407
406
406
405
404
404
403
402
402
401
400
399
399
398
397
396
395
394
393
392
391
390
389
388
387
386
