489
488
487
486
485
484
483
482
482
481
480
479
478
477
476
475
474
473
472
471
470
469
468
467
466
465
464
463
462
461
460
459
458
457
456
455
454
453
452
451
450
449
448
447
446
445
444
443
442
441
440
439
438
437
436
435
434
433
432
431
430
429
428
427
426
425
424
423
423
422
421
420
419
418
417
416
415
414
413
412
411
410
409
409
408
407
406
405
404
403
402
401
400
400
399
398
397
396
395
394
393
393
392
391
390
389
388
387
386
385
385
384
383
382
381
380
379
379
378
377
376
375
374
373
372
372
371
370
369
368
367
366
366
365
364
363
362
361
360
360
359
358
357
356
355
354
354
353
352
351
350
349
348
347
347
346
345
344
343
342
341
341
340
339
338
337
336
335
335
334
333
332
331
330
329
329
328
327
326
325
324
324
323
322
321
320
319
318
318
317
316
315
314
313
313
312
311
310
309
308
308
307
306
305
304
303
303
302
301
300
299
298
298
297
296
295
294
294
293
292
291
290
289
288
288
287
286
285
284
284
283
282
281
280
279
279
278
277
276
275
274
273
273
272
271
270
269
268
268
267
266
265
264
264
263
262
261
260
259
259
258
257
256
256
256
256
256
256
255
255
255
255
255
254
254
254
254
253
253
253
253
252
252
252
251
251
251
251
250
250
250
249
249
248
248
248
247
247
247
246
246
245
245
245
244
244
243
243
243
242
242
241
241
240
240
239
239
238
238
238
237
236
236
235
235
234
234
233
233
232
231
231
230
230
229
229
228
227
227
226
226
225
224
224
223
222
222
221
220
219
219
218
218
217
217
217
218
218
218
218
218
218
218
218
218
218
218
218
218
218
218
219
219
219
219
219
220
220
220
220
221
221
222
223
224
225
226
227
228
229
230
231
232
233
234
235
236
237
238
239
240
241
242
243
244
245
246
247
248
249
249
250
251
252
253
254
255
256
257
258
259
260
261
262
263
264
265
266
267
268
269
270
271
272
273
274
275
276
277
278
279
280
281
282
283
284
285
286
286
287
288
289
290
291
292
293
294
295
296
297
298
299
300
301
302
303
304
305
305
306
307
308
309
310
311
312
313
313
314
315
316
317
318
319
320
320
321
322
323
324
325
326
327
328
328
329
330
331
332
333
334
334
335
336
337
338
339
340
340
341
342
343
344
345
346
347
348
348
349
350
351
352
353
354
354
355
356
357
358
359
360
361
361
362
363
364
365
366
367
368
369
369
370
371
372
373
374
375
376
376
377
378
379
380
381
382
383
384
385
385
386
387
388
389
390
390
391
392
393
394
395
395
396
397
398
398
399
400
401
402
402
403
404
405
406
406
407
408
409
410
410
411
412
413
413
414
415
416
417
417
418
419
420
421
421
422
423
424
424
425
426
427
428
428
429
430
431
432
432
433
434
435
435
436
437
438
439
439
440
441
442
442
443
444
444
445
446
447
447
448
449
450
450
451
452
453
453
454
455
456
456
457
458
459
459
460
461
461
462
463
464
464
465
466
467
467
468
469
470
470
471
472
472
473
474
474
475
476
477
477
478
479
479
480
481
481
482
483
483
484
485
485
486
487
487
488
489
489
490
490
491
491
492
492
493
493
494
495
