663
663
663
663
663
663
663
663
662
662
662
661
661
661
660
660
660
659
659
659
658
658
657
657
656
656
655
655
654
654
653
653
652
651
651
650
649
649
648
647
647
646
646
645
644
643
643
642
641
640
639
639
638
637
636
635
634
633
632
631
630
629
628
627
626
625
624
623
622
621
621
620
619
618
618
617
616
615
615
614
613
613
612
611
611
610
610
609
608
608
607
607
606
606
605
605
604
604
603
603
602
602
602
601
601
600
600
600
600
599
599
599
599
598
598
598
598
598
598
598
598
598
598
598
598
598
599
599
599
599
600
600
600
600
601
601
601
602
602
602
603
603
603
604
604
605
605
606
606
606
607
607
608
608
609
610
610
611
611
612
613
613
614
615
615
616
617
618
618
619
620
621
622
622
623
624
625
626
627
628
628
629
630
631
632
633
634
635
636
637
638
638
639
640
641
642
643
644
644
645
646
646
647
648
648
649
650
650
651
652
652
653
653
654
654
655
655
656
656
657
657
658
658
658
659
659
660
660
660
661
661
661
662
662
662
662
663
663
663
663
663
663
663
663
663
664
664
664
