657
657
657
657
656
656
656
656
655
655
654
654
654
653
653
652
652
651
651
650
650
649
649
648
648
647
647
646
645
645
644
643
643
642
642
641
640
639
639
638
637
637
636
635
634
634
633
632
631
630
630
629
628
627
626
625
624
623
622
621
620
619
618
617
616
615
615
614
613
612
611
611
610
609
608
608
607
606
605
605
604
604
603
602
602
601
600
600
599
598
598
597
597
596
596
595
595
594
594
593
593
592
592
592
591
591
590
590
590
589
589
589
588
588
588
588
588
587
587
587
587
587
587
587
587
587
587
587
587
588
588
588
588
588
589
589
589
589
590
590
590
591
591
591
592
592
592
593
593
594
594
594
595
595
596
596
597
597
597
598
598
599
600
600
601
601
602
603
603
604
605
605
606
607
608
608
609
610
611
611
612
613
614
615
615
616
617
618
619
620
621
622
623
624
624
625
626
626
627
628
629
630
631
632
633
634
635
635
636
637
638
638
639
640
641
641
642
643
643
644
644
645
646
646
647
647
648
649
649
650
650
650
651
651
652
652
653
653
654
654
654
655
655
655
656
656
656
657
657
657
657
657
658
658
658
658
658
658
658
658
658
658
658
658
658
658
658
658
658
658
