235
234
233
232
232
231
230
229
229
228
228
227
226
226
225
225
224
224
223
223
222
222
221
221
220
220
219
219
219
218
218
218
217
217
216
216
216
216
215
215
215
214
214
214
214
213
213
213
213
213
212
212
212
212
212
212
212
212
212
212
212
212
212
212
212
212
213
213
213
213
213
214
214
214
214
215
215
215
215
216
216
217
217
217
218
218
218
219
219
219
220
220
221
221
222
222
223
223
224
224
225
225
226
227
227
228
228
229
230
230
231
232
232
233
234
235
236
236
237
238
239
240
241
242
243
244
245
246
247
247
248
249
250
251
251
252
253
254
254
255
256
256
257
258
258
259
260
260
261
261
262
263
263
264
264
265
265
266
267
267
268
268
268
269
269
270
270
270
271
271
271
272
272
272
272
273
273
273
273
274
274
274
274
274
275
275
275
275
275
275
275
275
275
275
276
276
276
275
275
275
275
275
275
275
275
275
275
274
274
274
274
273
273
273
273
272
272
272
271
271
270
270
270
269
269
268
268
268
267
267
266
265
265
264
264
263
263
262
262
261
260
260
259
258
258
257
256
256
255
254
253
252
252
251
250
249
248
247
246
245
244
243
242
241
240
239
238
237
236
235
