592
592
592
592
591
591
591
590
590
590
589
589
589
588
588
587
587
587
586
586
585
585
584
584
583
583
582
582
581
581
580
579
579
578
578
577
576
576
575
575
574
573
573
572
571
570
570
569
568
568
567
566
566
565
564
564
563
562
561
561
560
559
558
558
557
556
555
554
553
552
552
551
550
549
549
548
547
546
545
544
543
542
542
541
540
540
539
538
538
537
537
536
536
535
535
535
534
534
534
533
533
533
533
532
532
532
532
532
532
531
531
531
531
531
531
531
531
531
531
531
531
531
532
532
532
532
533
533
533
534
534
534
535
535
536
536
537
537
537
538
538
539
539
540
540
541
541
542
542
543
543
544
544
545
545
546
546
547
548
548
549
549
550
550
551
552
552
553
554
554
555
556
556
557
558
558
559
560
561
561
562
563
564
565
566
567
567
568
569
570
571
571
572
573
574
575
576
577
577
578
579
580
580
581
582
582
583
583
584
585
585
586
586
587
587
588
588
588
589
589
590
590
590
591
591
591
591
592
592
592
592
592
593
593
593
593
593
593
593
593
593
593
