670
670
670
670
670
669
669
669
669
668
668
668
667
667
666
666
666
665
665
664
663
663
662
662
661
660
659
659
658
657
656
656
655
654
653
652
651
650
649
648
648
647
646
645
644
643
642
642
641
640
640
639
638
637
637
636
636
635
635
634
633
633
633
632
632
631
631
630
630
630
629
629
629
628
628
627
627
627
626
626
626
625
625
625
624
624
624
624
623
623
623
623
623
622
622
622
622
622
622
622
622
622
622
622
622
622
622
622
622
622
623
623
623
623
623
623
624
624
624
624
624
625
625
625
625
626
626
626
626
627
627
627
628
628
629
629
630
630
631
631
632
633
633
634
635
635
636
637
638
639
639
640
641
642
643
644
645
646
647
648
648
649
650
651
652
652
653
654
654
655
655
656
657
657
658
658
659
659
660
660
661
661
661
662
662
663
663
663
664
664
665
665
665
666
666
666
667
667
667
667
668
668
668
668
669
669
669
669
669
670
670
670
670
670
670
671
671
671
671
671
671
671
671
671
671
671
671
671
671
671
671
671
671
671
