272
273
274
275
276
277
278
279
280
281
282
283
283
284
285
286
287
288
289
290
291
292
292
293
294
295
296
296
297
298
299
299
300
301
302
303
303
304
305
305
306
307
307
308
309
309
310
311
311
312
313
313
314
314
315
316
316
317
318
318
319
320
320
321
321
322
323
323
324
324
325
325
326
326
327
328
328
329
329
330
330
330
331
331
332
333
333
333
334
334
335
335
336
336
337
337
338
338
338
339
339
340
340
340
341
341
341
342
342
343
343
343
344
344
344
345
345
345
346
346
346
347
347
347
347
348
348
348
349
349
349
349
350
350
350
350
350
351
351
351
351
351
351
352
352
352
352
352
352
352
352
352
352
352
352
352
352
352
352
352
352
352
352
352
352
351
351
351
351
351
350
350
350
350
350
349
349
349
348
348
348
347
347
347
347
346
346
346
345
345
345
344
344
344
343
343
342
342
342
341
341
340
340
340
339
339
338
338
337
337
337
336
336
335
335
334
334
333
333
332
332
331
331
330
330
329
329
328
328
327
327
326
326
325
325
324
323
323
322
322
321
321
320
319
319
318
317
317
316
316
315
314
314
313
312
312
311
310
310
309
308
307
307
306
305
305
304
303
302
302
301
300
299
299
298
297
296
295
294
294
293
292
291
290
289
289
288
287
286
285
284
283
282
281
280
279
278
277
276
275
274
273
272
271
270
269
268
267
266
266
265
264
263
262
261
260
260
259
258
257
256
256
255
254
253
252
252
251
250
249
248
248
247
246
245
245
244
243
243
242
241
241
240
239
239
238
237
236
236
235
235
234
233
233
232
232
231
230
230
229
228
228
227
227
226
226
225
224
224
223
223
222
222
221
221
220
220
219
219
218
218
217
217
216
216
216
215
215
214
214
213
213
213
212
212
211
211
210
210
210
209
209
209
208
208
208
207
207
207
206
206
206
206
205
205
205
204
204
204
204
203
203
203
203
203
202
202
202
202
201
201
201
201
201
201
200
200
200
200
200
200
200
200
200
200
200
200
200
200
200
200
200
200
200
200
200
200
201
201
201
201
201
201
202
202
202
202
202
203
203
203
203
204
204
204
204
205
205
205
205
206
206
206
207
207
208
208
208
209
209
209
210
210
211
211
212
212
212
213
213
214
214
215
215
216
216
216
217
217
218
219
219
219
220
220
221
222
222
222
223
224
224
225
225
226
226
227
227
228
228
229
230
230
231
232
232
233
233
234
235
235
236
237
237
238
239
239
240
241
241
242
243
243
244
245
245
246
247
248
248
249
250
250
251
252
253
253
254
255
256
257
258
258
259
260
261
262
263
263
264
265
266
267
268
269
270
271
272
