642
641
640
639
639
638
637
637
636
636
635
635
634
634
633
633
633
632
632
632
632
632
631
631
631
631
631
631
631
631
632
632
632
632
632
633
633
633
633
634
634
634
634
635
635
635
636
636
636
637
637
638
638
638
639
639
639
640
640
641
641
642
642
643
643
644
645
645
646
647
647
648
648
649
650
651
651
652
653
654
654
655
656
657
658
659
660
661
662
663
664
665
666
667
668
668
669
669
670
670
671
671
672
672
672
673
673
673
673
674
674
674
674
674
674
674
674
674
674
674
674
674
674
674
673
673
673
673
672
672
672
672
671
671
671
671
670
670
670
669
669
668
668
668
667
667
666
666
665
665
664
664
663
663
662
662
661
660
660
659
659
658
657
657
656
655
654
654
653
652
651
650
649
648
647
646
645
644
643
642
