670
669
668
667
667
666
665
664
664
663
662
662
661
661
660
660
659
659
659
658
658
657
657
657
657
657
656
656
656
656
655
655
655
655
655
655
655
654
654
654
654
654
654
654
654
654
654
654
655
655
655
655
655
655
655
656
656
656
657
657
658
658
659
659
659
660
660
661
661
662
662
663
663
663
664
664
665
666
666
667
667
668
669
669
670
671
672
673
674
675
676
677
678
679
680
680
681
682
683
683
684
685
685
686
686
687
688
688
689
689
690
690
690
691
691
692
692
692
693
693
693
694
694
694
694
694
695
695
695
695
695
696
696
696
696
696
696
697
697
697
697
697
696
696
696
696
696
696
696
696
695
695
695
694
694
694
693
693
693
692
692
692
691
691
690
690
689
689
688
688
687
687
686
685
685
684
683
683
682
681
680
680
679
678
677
676
675
674
673
672
671
670
