485
485
485
485
484
484
484
484
483
483
483
482
482
481
481
480
480
479
478
478
477
477
476
475
474
473
473
472
471
470
470
469
468
467
466
465
464
464
463
462
461
460
459
458
457
456
455
454
454
453
452
451
450
449
448
448
447
446
446
445
445
444
444
443
442
442
441
441
440
440
439
439
438
437
437
436
436
436
435
435
434
434
434
433
433
433
433
433
433
433
433
433
433
433
433
434
434
434
434
435
435
435
436
436
437
437
437
438
438
439
439
440
441
441
442
442
443
444
444
445
446
446
447
448
449
450
450
451
452
453
454
454
455
456
457
458
459
459
460
461
462
463
463
464
465
466
467
468
469
470
470
471
472
472
473
474
474
475
476
476
477
478
478
479
479
480
480
481
481
482
482
483
483
483
484
484
484
485
485
485
485
486
486
486
486
486
486
486
486
486
486
486
