681
681
681
681
681
681
681
681
681
681
681
681
681
680
680
680
680
680
680
680
679
679
679
679
679
679
678
678
678
678
677
677
677
677
676
676
676
676
675
675
675
674
674
674
673
673
673
672
672
671
671
671
670
670
670
669
669
668
668
668
667
667
667
666
666
665
665
664
664
663
663
663
662
662
661
661
660
660
659
659
658
658
657
657
656
656
655
655
654
654
653
652
652
651
651
650
649
649
648
648
647
646
646
645
644
644
643
643
642
641
641
640
639
639
638
637
636
636
635
634
633
633
632
631
630
630
629
628
627
626
625
625
624
623
622
621
620
619
618
617
616
616
615
614
613
612
611
610
609
608
607
606
606
605
604
603
602
601
600
599
599
598
597
596
595
595
594
593
592
592
591
590
589
589
588
587
587
586
585
585
584
584
583
582
582
581
580
580
579
579
578
577
577
576
576
575
575
574
573
573
572
572
571
571
570
570
569
569
568
568
567
567
566
566
565
565
564
564
564
563
563
562
562
561
561
561
560
560
559
559
559
558
558
558
557
557
557
556
556
556
555
555
554
554
554
553
553
553
552
552
552
552
551
551
551
551
550
550
550
550
549
549
549
549
548
548
548
548
548
548
547
547
547
547
547
547
547
547
547
547
547
547
547
547
547
547
547
547
547
547
547
547
547
547
548
548
548
548
548
549
549
549
549
550
550
550
550
551
551
551
551
551
552
552
552
552
553
553
553
553
554
554
554
555
555
555
556
556
556
557
557
557
558
558
559
559
559
560
560
561
561
561
562
562
563
563
564
564
565
565
566
566
567
567
568
568
569
569
570
570
571
571
572
572
573
573
574
575
575
576
576
577
577
578
579
579
580
581
581
582
582
583
584
584
585
586
586
587
588
589
589
590
591
591
592
593
593
594
595
596
597
597
598
599
600
600
601
602
603
604
605
605
606
607
608
609
610
611
612
613
614
615
616
617
618
619
620
621
622
623
623
624
625
626
627
628
628
629
630
631
631
632
633
634
634
635
636
637
637
638
639
639
640
641
641
642
643
643
644
645
645
646
647
647
648
648
649
649
650
651
651
652
652
653
653
654
654
655
656
656
657
657
658
658
659
659
660
660
661
661
662
662
663
663
664
664
665
665
665
666
666
667
667
668
668
668
669
669
670
670
670
671
671
671
672
672
673
673
673
674
674
674
675
675
675
676
676
676
677
677
677
677
677
678
678
678
678
679
679
679
679
679
679
680
680
680
680
680
680
680
680
680
680
680
