538
538
538
537
537
537
536
536
536
535
535
535
534
534
534
533
533
533
533
532
532
532
532
531
531
531
531
530
530
530
530
530
529
529
529
529
529
529
528
528
528
528
528
528
527
527
527
527
527
527
527
527
526
525
525
524
523
523
522
522
521
520
520
519
518
518
517
516
515
515
514
514
513
512
512
511
510
510
509
508
508
507
506
506
505
504
504
503
502
502
501
500
500
499
498
497
497
496
495
495
494
493
493
492
491
490
490
489
488
487
487
486
485
484
484
483
482
482
481
480
479
479
478
477
476
476
475
474
474
473
472
471
471
470
469
469
468
467
466
466
465
464
463
463
462
461
461
460
459
458
458
457
456
455
455
454
453
452
452
451
450
449
449
448
447
447
446
445
444
444
443
442
441
441
440
439
439
438
437
436
436
435
434
433
433
432
431
431
430
429
428
427
427
426
425
424
423
423
422
421
420
419
419
418
417
416
416
415
414
413
412
411
411
410
409
408
407
407
406
405
404
403
402
402
401
400
399
398
398
397
396
395
394
394
393
392
391
390
390
389
388
387
386
386
385
384
383
382
382
381
380
379
378
377
376
376
375
374
373
372
371
370
369
369
368
367
366
365
364
363
362
362
361
360
359
358
357
356
355
355
354
353
352
351
350
349
349
348
347
346
345
344
343
342
342
341
340
339
338
337
336
335
335
334
333
332
331
330
329
329
328
327
326
325
324
323
323
322
321
320
319
318
317
317
316
315
314
313
312
311
310
309
309
308
307
306
305
304
303
302
301
300
300
299
298
297
296
295
294
293
292
291
290
289
288
287
286
285
285
284
283
282
281
280
279
278
277
276
275
274
273
272
271
270
269
268
267
266
265
264
263
262
261
260
259
258
257
256
255
254
253
252
251
250
249
248
247
246
245
244
243
242
241
241
240
239
238
237
236
235
234
233
232
231
231
230
229
228
227
226
225
224
223
223
222
221
220
219
218
217
216
216
215
214
213
212
212
211
210
209
209
208
207
206
206
205
204
204
203
203
203
204
205
206
206
207
208
208
209
210
211
212
213
213
212
212
212
211
211
211
211
211
210
210
210
210
210
209
209
209
209
209
209
209
209
208
208
208
208
208
208
208
207
207
207
207
207
208
208
208
208
208
208
208
208
208
208
208
209
209
209
209
209
209
209
209
209
209
210
210
210
210
210
210
210
210
210
210
210
210
211
211
211
211
211
211
211
211
211
211
211
212
212
212
212
212
211
211
211
211
211
211
211
211
211
210
210
210
210
210
209
209
209
209
208
208
208
208
207
207
207
206
206
206
205
205
205
204
204
204
203
203
203
202
202
202
201
201
200
200
200
199
199
199
198
198
197
197
197
196
196
196
195
195
194
194
194
193
193
193
192
192
192
191
191
191
190
190
190
189
189
189
188
188
188
187
187
187
186
186
186
185
185
185
184
184
183
183
183
183
182
182
182
181
181
181
180
180
180
180
179
179
179
179
178
178
178
178
178
177
177
177
177
177
177
176
176
176
176
176
176
175
175
175
175
175
175
175
174
174
174
174
174
174
174
174
174
174
173
173
173
173
173
173
173
173
173
173
173
173
173
173
173
173
173
173
173
173
173
173
173
173
173
173
173
173
173
173
173
173
173
173
173
174
174
174
174
174
174
174
174
174
174
174
174
174
175
175
175
175
175
175
175
175
175
175
175
175
176
176
176
176
176
176
176
176
176
176
176
177
177
177
177
177
177
177
177
177
177
177
177
177
178
178
178
178
178
178
178
178
178
178
178
178
179
179
179
179
179
179
179
179
180
180
180
180
180
180
180
181
181
181
181
181
181
181
182
182
182
182
182
182
183
183
183
183
183
183
183
183
184
184
184
184
184
184
185
185
185
185
185
185
185
186
186
186
186
186
186
186
187
187
186
186
186
186
186
186
186
186
186
186
186
186
186
186
186
186
186
186
186
186
186
186
185
185
185
185
185
185
185
185
185
185
185
185
185
185
185
185
185
185
185
184
184
184
184
184
184
184
184
184
184
184
184
183
183
183
183
183
183
183
183
182
182
182
182
182
182
182
181
181
181
181
181
181
181
180
180
180
180
180
179
179
179
179
179
178
178
178
178
177
177
177
176
176
176
175
175
175
175
174
174
174
173
173
173
173
172
172
172
171
171
171
171
171
171
170
170
170
170
170
170
170
170
169
169
169
169
169
169
169
169
168
168
168
168
168
168
168
168
167
167
167
166
166
166
165
165
164
163
162
161
160
160
159
158
158
157
157
156
156
155
155
154
154
153
153
153
152
152
152
152
151
151
151
151
151
151
151
151
150
150
150
150
151
151
151
151
151
151
151
151
151
151
152
152
152
152
152
152
152
152
152
152
152
152
152
152
152
152
151
151
151
151
150
150
150
149
149
148
148
148
147
147
146
146
145
145
144
144
143
143
142
142
141
141
140
140
139
139
139
138
138
138
138
138
138
138
138
138
138
138
138
137
137
137
137
137
137
137
137
137
137
137
137
137
137
137
137
137
137
137
137
137
137
137
137
137
137
137
137
137
137
137
137
137
137
138
138
138
138
138
138
138
137
137
137
137
137
137
137
137
137
137
137
137
136
136
136
136
136
135
135
135
135
134
134
134
134
133
133
133
132
132
132
131
131
131
131
130
130
130
129
129
129
128
128
128
127
127
127
126
126
126
126
125
125
125
124
124
124
124
124
123
123
123
123
122
122
122
122
121
121
121
121
121
121
121
121
121
121
121
121
121
122
122
122
122
122
122
122
122
122
122
122
123
123
123
123
123
123
123
124
124
124
124
124
124
124
125
125
125
125
125
126
126
126
126
126
127
127
127
127
127
128
128
128
128
128
128
129
129
129
129
129
129
130
130
130
130
130
131
131
131
131
131
131
131
131
131
132
132
132
132
132
132
132
132
132
132
132
132
132
132
132
132
132
132
132
132
132
132
132
132
132
132
132
132
132
131
131
131
131
131
131
130
130
130
130
130
130
130
129
129
129
129
129
129
128
128
128
128
128
128
128
128
128
128
128
128
128
128
128
128
129
129
129
129
129
129
129
129
129
130
130
130
130
130
130
130
130
130
131
131
131
131
131
131
131
131
131
131
132
132
132
132
132
132
132
132
132
133
133
133
133
133
133
133
133
133
133
133
133
133
133
133
133
133
133
133
133
133
133
133
133
133
133
133
133
132
132
132
132
132
131
131
131
131
131
130
130
130
130
129
129
129
129
128
128
128
127
127
127
127
126
126
126
126
125
125
125
125
125
124
124
124
124
123
123
123
123
123
122
122
122
122
122
122
122
122
121
121
121
121
121
121
121
121
121
121
121
121
121
121
121
122
122
122
122
122
122
122
122
123
123
123
123
123
123
123
124
124
124
124
124
125
125
125
125
125
126
126
126
126
126
127
127
127
127
127
128
128
128
128
128
129
129
129
129
129
129
130
130
130
130
130
130
130
130
131
131
131
131
131
131
131
131
131
131
131
131
131
131
131
131
131
130
130
130
130
130
130
130
130
130
130
130
129
129
129
129
129
129
129
129
129
129
128
128
128
128
128
128
128
128
128
128
127
127
127
127
127
127
127
127
127
127
127
127
128
128
128
128
128
128
129
129
129
129
129
130
130
130
130
130
131
131
131
131
131
132
132
132
132
133
133
133
133
133
134
134
134
134
135
135
135
135
136
136
136
136
137
137
137
137
138
138
138
138
139
139
139
139
140
140
140
140
140
141
141
141
141
141
141
142
142
142
142
142
142
142
142
142
142
143
143
143
143
143
143
143
143
143
142
142
142
142
142
142
142
141
141
141
141
141
140
140
140
139
139
139
138
138
138
138
137
137
137
137
137
136
136
136
136
136
136
136
136
137
137
137
138
138
138
139
139
140
140
140
141
141
142
142
143
143
143
144
144
144
145
145
145
146
146
146
147
147
148
148
148
149
149
149
150
150
151
151
151
152
152
153
153
153
154
154
155
155
155
156
157
157
157
158
159
159
160
160
161
161
161
161
161
161
161
161
161
161
161
161
161
161
161
161
162
162
162
162
162
162
162
163
163
163
163
163
163
164
164
164
164
165
165
166
166
167
167
168
168
169
169
170
170
171
171
171
172
172
173
173
173
174
174
174
175
175
175
176
177
177
178
178
178
179
179
180
180
181
182
182
183
183
184
184
185
185
186
187
187
188
188
189
189
190
190
191
191
192
192
193
193
194
194
195
195
195
196
196
197
197
197
198
198
198
199
199
199
199
199
200
200
200
200
200
201
201
201
201
201
202
202
202
202
202
202
203
203
203
203
203
203
203
203
204
204
204
204
204
204
204
204
204
204
204
205
205
205
205
205
205
205
205
205
205
205
205
205
205
205
205
205
205
205
205
205
206
206
206
206
207
207
208
208
209
209
210
210
211
212
212
213
214
214
215
215
216
217
217
218
219
219
220
221
221
222
223
223
224
225
225
226
227
227
228
229
230
230
231
232
232
233
234
234
235
236
236
237
238
239
239
240
241
241
242
243
243
244
245
245
246
247
248
248
249
250
250
251
252
253
253
254
255
255
256
257
258
258
259
260
261
261
262
263
263
264
265
265
266
267
268
268
269
270
271
271
272
273
274
274
275
276
276
277
278
279
279
280
281
282
282
283
284
285
285
286
287
288
289
289
290
291
292
292
293
294
295
295
296
297
298
299
299
300
301
302
303
304
305
305
306
307
308
309
309
310
311
312
313
313
314
315
316
317
318
319
319
320
321
322
323
324
324
325
326
327
328
328
329
330
331
332
333
333
334
335
336
337
338
338
339
340
341
342
343
343
344
345
346
347
348
348
349
350
351
352
353
353
354
355
356
357
357
358
359
360
361
361
362
363
364
365
366
366
367
368
369
370
371
371
372
373
374
375
375
376
377
378
379
380
380
381
382
383
384
385
385
386
387
388
389
390
390
391
392
393
394
395
395
396
397
398
399
400
400
401
402
403
404
405
405
406
407
408
409
410
410
411
412
413
414
414
415
416
417
418
419
419
420
421
422
423
423
424
425
426
427
427
428
429
430
431
432
432
433
434
435
436
437
437
438
439
440
441
442
442
443
444
445
446
447
448
448
449
450
451
452
453
454
454
455
456
457
458
459
460
460
461
462
463
464
465
465
466
467
468
469
470
470
471
472
473
474
475
476
476
477
478
479
480
481
481
482
483
484
485
486
486
487
488
489
490
491
492
493
493
494
495
496
497
498
499
499
500
501
502
503
504
505
506
506
507
508
509
510
511
512
513
514
514
515
516
517
518
519
520
521
522
523
523
524
525
526
527
528
529
530
531
532
533
533
534
535
536
537
