539
539
539
539
539
539
539
538
537
536
535
534
534
533
532
531
530
529
528
527
526
526
525
524
523
522
521
520
519
518
517
516
516
515
514
513
512
511
510
509
508
507
506
505
504
503
502
501
500
499
498
497
496
495
495
494
493
492
491
490
489
488
487
486
485
484
483
482
481
480
479
478
477
476
475
474
474
473
472
471
470
469
468
467
466
465
464
463
462
461
460
459
458
457
456
455
454
453
452
452
451
450
449
448
447
446
445
444
443
442
441
440
439
439
438
437
436
435
434
433
432
431
430
429
428
427
426
425
424
424
423
422
421
420
419
418
417
416
415
414
413
412
411
410
409
408
408
407
406
405
404
403
402
401
400
399
398
397
396
395
394
393
393
392
391
390
389
388
387
386
385
384
383
382
381
380
379
378
377
376
375
374
373
373
372
371
370
369
368
367
366
365
364
363
362
361
360
359
359
358
357
356
355
354
353
352
351
350
349
348
347
346
345
344
343
343
342
341
340
339
338
337
336
335
334
333
333
332
331
330
329
328
327
326
325
324
323
323
322
321
320
319
318
317
316
315
314
313
312
312
311
310
309
308
307
306
305
304
303
302
302
301
300
299
298
297
296
295
294
293
293
292
291
290
289
288
287
286
286
285
284
283
282
281
280
279
278
277
277
276
275
274
273
272
271
270
269
268
268
267
266
265
264
263
262
261
261
260
259
258
257
256
255
254
253
253
252
251
250
249
248
247
246
245
245
244
243
242
241
240
239
239
238
237
236
235
235
234
233
232
232
231
230
229
229
228
227
226
226
225
224
224
223
222
221
221
220
219
218
218
217
216
215
215
215
215
215
214
214
214
214
214
214
214
214
214
214
214
214
214
213
213
213
213
213
213
213
213
212
212
212
212
212
212
212
211
211
211
211
211
212
213
214
214
215
216
217
218
219
219
220
221
222
223
224
225
225
226
227
228
229
230
231
232
233
233
234
235
236
237
238
239
240
241
242
243
244
245
245
246
247
248
249
250
251
252
253
254
255
256
257
258
259
260
261
262
263
264
265
266
267
268
269
270
270
271
272
273
274
275
276
277
278
279
280
281
282
283
284
285
286
287
287
288
289
290
291
292
293
294
295
296
297
298
299
300
301
302
303
304
305
305
306
307
308
309
310
311
312
313
314
315
316
317
318
319
319
320
321
322
323
324
325
326
327
328
329
330
331
332
333
334
335
335
336
337
338
339
340
341
342
343
344
345
346
347
348
348
349
350
351
352
353
354
355
356
357
358
359
360
360
361
362
363
364
365
366
367
368
369
370
371
372
373
373
374
375
376
377
378
379
380
381
382
383
384
384
385
386
387
388
389
390
391
392
393
393
394
395
396
397
398
399
400
401
402
403
403
404
405
406
407
408
409
410
411
412
413
413
414
415
416
417
418
419
420
421
421
422
423
424
425
426
427
428
429
430
431
431
432
433
434
435
436
437
438
439
440
440
441
442
443
444
445
446
447
448
449
449
450
451
452
453
454
455
456
457
458
459
460
460
461
462
463
464
465
466
467
468
468
469
470
471
472
473
474
475
476
476
477
478
479
480
481
482
483
483
484
485
486
487
488
489
490
490
491
492
493
494
495
496
497
498
498
499
500
501
502
503
504
504
505
506
507
508
509
510
510
511
512
513
514
515
516
517
517
518
519
520
521
522
523
524
524
525
526
527
528
529
530
531
531
532
533
534
535
536
537
537
538
538
538
538
538
538
538
538
538
538
538
538
538
538
538
538
538
538
538
538
538
538
538
538
538
538
