245
246
247
248
249
249
250
251
252
252
253
254
254
255
255
256
257
257
258
258
259
259
260
260
261
262
262
262
263
263
264
264
264
265
265
265
266
266
266
266
266
266
267
267
267
267
267
267
267
267
267
267
266
266
266
266
266
266
265
265
265
265
264
264
264
263
263
263
262
262
262
261
261
260
260
259
259
258
258
257
257
256
256
255
254
254
253
253
252
251
251
250
249
248
248
247
246
245
244
243
242
241
240
239
239
238
237
236
235
235
234
233
233
232
232
231
231
230
230
229
229
228
228
227
227
226
226
225
225
225
224
224
224
223
223
223
223
223
222
222
222
222
222
222
222
222
222
222
222
222
222
222
222
222
223
223
223
223
223
223
224
224
224
225
225
225
226
226
227
227
227
228
228
229
229
230
230
231
231
232
233
233
234
234
235
236
236
237
238
239
239
240
241
242
243
244
244
