656
656
656
656
656
655
655
655
655
655
654
654
654
653
653
653
652
652
651
651
651
650
650
649
649
648
648
647
647
646
645
645
644
643
643
642
641
640
640
639
638
637
636
635
634
633
632
631
630
629
628
627
626
626
625
624
623
623
622
621
620
620
619
618
618
617
617
616
615
615
614
614
613
613
612
612
612
611
611
610
610
610
609
609
608
608
608
608
608
607
607
607
607
607
608
608
608
608
608
608
608
609
609
609
610
610
611
611
612
612
613
613
614
614
615
615
616
616
617
618
618
619
620
620
621
622
623
624
624
625
626
627
628
629
630
631
632
633
634
635
636
637
638
638
639
640
641
642
642
643
644
644
645
646
646
647
647
648
648
649
650
650
651
651
651
652
652
653
653
653
654
654
654
655
655
655
655
655
