465
465
465
465
464
464
464
463
463
462
462
462
461
461
460
459
459
458
458
457
456
456
455
455
454
453
453
452
451
451
450
450
449
448
448
447
446
446
445
444
443
443
442
441
440
440
439
438
437
436
436
435
434
433
432
431
430
429
428
427
426
425
424
423
422
422
421
420
419
419
418
417
416
416
415
415
414
413
413
412
412
412
411
411
411
410
410
410
409
409
409
409
409
409
409
409
409
409
409
409
410
410
410
411
411
411
411
412
412
413
413
414
414
415
415
416
416
417
417
418
418
419
419
420
420
421
422
422
423
423
424
425
425
426
426
427
428
428
429
430
430
431
431
432
433
434
434
435
436
436
437
438
439
439
440
441
442
443
443
444
445
446
447
448
448
449
450
451
452
453
453
454
455
456
456
457
458
458
459
459
460
460
461
461
462
462
463
463
463
464
464
464
465
465
465
465
466
466
466
466
466
466
466
466
466
466
466
466
466
466
