650
650
650
650
650
649
649
649
649
648
648
648
647
647
646
646
646
645
645
644
644
643
643
642
642
642
641
640
640
639
639
638
637
637
636
635
635
634
633
632
631
630
630
629
628
627
626
625
624
623
622
621
621
620
619
618
617
616
616
615
614
613
613
612
611
611
610
609
609
608
607
607
606
606
605
605
604
604
603
603
602
602
601
601
601
600
600
599
599
599
598
598
598
598
597
597
597
597
597
597
597
597
597
597
598
598
598
598
598
599
599
599
600
600
601
601
602
602
603
603
604
604
605
605
606
606
607
607
608
609
609
610
611
611
612
613
614
615
615
616
617
618
619
620
621
622
623
624
625
626
627
628
629
630
630
631
632
633
634
635
635
636
637
637
638
639
639
640
640
641
642
642
643
643
644
644
645
645
646
646
646
647
647
648
648
648
649
649
649
649
650
650
650
650
650
650
651
