570
570
570
570
569
569
569
568
568
567
567
566
566
565
565
564
563
563
562
561
560
559
559
558
557
556
555
554
553
552
552
551
550
549
548
548
547
546
545
545
544
543
542
542
541
540
540
539
538
538
537
537
536
535
535
534
533
533
532
532
531
531
530
530
529
529
529
528
528
528
527
527
526
526
526
526
525
525
525
525
524
524
524
524
524
524
524
524
524
524
524
524
524
524
524
525
525
526
526
527
527
528
528
529
530
530
531
532
533
533
534
535
536
537
538
539
540
541
542
543
544
545
546
547
547
548
549
550
550
551
552
553
553
554
555
556
556
557
558
558
559
559
560
561
561
562
562
563
563
564
564
565
565
566
566
567
567
567
568
568
569
569
569
570
570
570
570
571
571
571
571
571
571
571
571
571
571
571
571
571
