1.0 15.0 25.9808 -10.9808 
31.0 34.0192 -6.96152 2.94229 
61.0 28.923 1.86533 -0.788383 
91.0 30.2886 -0.499815 0.211247 
121.0 29.9227 0.133925 -0.0566034 
151.0 30.0207 -0.0358851 0.0151668 
181.0 29.9944 0.00961538 -0.00406394 
211.0 30.0015 -0.00257643 0.00108892 
241.0 29.9996 0.000690342 -0.00029176 
271.0 30.0001 -0.000184937 7.81147e-05 
301.0 30.0 4.94068e-05 -2.0699e-05 
331.0 30.0 -1.26901e-05 4.68125e-06 
361.0 30.0 1.35364e-06 1.97397e-06 
391.0 30.0 7.27555e-06 -1.25771e-05 
421.0 30.0 -3.04558e-05 4.83345e-05 
451.0 30.0001 0.000114548 -0.000180761 
481.0 29.9998 -0.000427735 0.000674709 
511.0 30.0009 0.00159639 -0.00251808 
541.0 29.9966 -0.00595784 0.0093976 
571.0 30.0128 0.022235 -0.0350723 
601.0 29.9521 -0.082982 0.130892 
631.0 30.1788 0.309693 -0.488494 
661.0 29.3327 -1.15579 1.82309 
691.0 32.4904 4.31347 -6.80385 
721.0 20.7058 -16.0981 4.3923 
730.0 1.68653 -2.92116 1.23463 
730.0 -0.451905 0.782723 -0.330818 
730.0 0.121088 -0.20973 0.0886423 
730.0 -0.0324453 0.056197 -0.0237516 
730.0 0.00869369 -0.015058 0.00636426 
730.0 -0.00232943 0.00403482 -0.00170539 
730.0 0.000624045 -0.00108134 0.0004573 
730.0 -0.000166744 0.000290556 -0.000123811 
730.0 4.29332e-05 -8.08781e-05 3.79449e-05 
730.0 -4.9883e-06 3.29566e-05 -2.79683e-05 
730.0 -2.298e-05 -5.09483e-05 7.39283e-05 
730.0 9.69083e-05 0.000170837 -0.000267745 
730.0 -0.000364653 -0.000632398 0.000997051 
730.0 0.0013617 0.00235876 -0.00372046 
730.0 -0.00508216 -0.00880262 0.0138848 
730.0 0.018967 0.0328517 -0.0518187 
730.0 -0.0707856 -0.122604 0.19339 
730.0 0.264176 0.457566 -0.721741 
730.0 -0.985917 -1.70766 2.69358 
730.0 3.67949 6.37307 -10.0526 
730.0 -13.7321 -23.7846 9.51666 
702.0 -32.7513 4.76537 -2.01408 
672.0 -29.2628 -1.27688 0.539672 
642.0 -30.1975 0.342138 -0.144605 
612.0 -29.9471 -0.0916757 0.0387467 
582.0 -30.0142 0.0245644 -0.0103821 
552.0 -29.9962 -0.00658202 0.00278189 
522.0 -30.001 0.00176364 -0.0007454 
492.0 -29.9997 -0.000472558 0.000199715 
462.0 -30.0001 0.000126587 -5.34599e-05 
432.0 -30.0 -3.37921e-05 1.41244e-05 
402.0 -30.0 8.58098e-06 -3.0376e-06 
372.0 -30.0 -5.31816e-07 -1.97397e-06 
342.0 -30.0 -6.45372e-06 1.09335e-05 
312.0 -30.0 2.63467e-05 -4.17599e-05 
282.0 -30.0001 -9.8933e-05 0.000156106 
252.0 -29.9998 0.000369385 -0.000582665 
222.0 -30.0008 -0.00137861 0.00217455 
192.0 -29.997 0.00514505 -0.00811555 
162.0 -30.0111 -0.0192016 0.0302876 
132.0 -29.9586 0.0716613 -0.113035 
102.0 -30.1544 -0.267444 0.421852 
72.0 -29.4237 0.998113 -1.57437 
42.0 -32.1506 -3.72501 5.87564 
12.0 -21.9737 13.9019 -2.9282 
1.0 -2.95448 5.11731 -2.16283 
1.0 0.791651 -1.37118 0.579529 
1.0 -0.212122 0.367407 -0.155284 
1.0 0.056838 -0.0984463 0.0416083 
1.0 -0.0152297 0.0263786 -0.0111489 
1.0 0.00408075 -0.0070682 0.00298745 
1.0 -0.0010933 0.00189415 -0.000800859 
1.0 0.000292437 -0.000508422 0.000215986 
1.0 -7.64511e-05 0.000139534 -6.30833e-05 
1.0 1.33678e-05 -4.97156e-05 3.63478e-05 
1.0 2.298e-05 5.93278e-05 -8.23078e-05 
1.0 -0.000105288 -0.000187596 0.000292883 
1.0 0.000398171 0.000691054 -0.00108923 
1.0 -0.0014874 -0.00257662 0.00406402 
1.0 0.00555142 0.00961543 -0.0151668 
1.0 -0.0207183 -0.0358851 0.0566034 
1.0 0.0773216 0.133925 -0.211247 
1.0 -0.288568 -0.499815 0.788383 
1.0 1.07695 1.86533 -2.94229 
1.0 -4.01924 -6.96152 10.9808 
