538.0 0.529132 -15.6001 7.07098 
530.0 -9.45815 5.61283 -5.15468 
521.0 -13.6965 -9.8512 3.54772 
501.0 -22.7558 0.791971 -0.0362181 
479.0 -21.2805 0.683316 -0.402851 
458.0 -21.1224 -0.525237 -0.352378 
436.0 -23.23 -1.58237 0.812362 
412.0 -23.9576 0.854716 -0.897071 
388.0 -24.9394 -1.8365 0.775921 
362.0 -26.2847 0.491267 -0.206613 
336.0 -25.922 -0.128571 0.0505293 
310.0 -26.0275 0.0230171 -0.995505 
283.0 -28.968 -2.9635 1.93149 
253.0 -29.1005 2.83097 -1.73046 
225.0 -28.6299 -2.36039 8.99033 
203.0 -6.37973 24.6106 -12.2309 
209.0 6.14886 -12.082 5.93316 
209.0 -0.2157 5.71746 -3.50176 
211.0 0.713941 -4.78782 0.0738754 
207.0 -8.64007 -4.56619 2.20626 
196.0 -11.1537 2.05258 -0.898902 
186.0 -9.74522 -0.644127 1.38935 
177.0 -6.86542 3.52393 -0.658505 
173.0 -1.79308 1.54841 0.244668 
173.0 2.03775 2.28242 -1.32017 
176.0 2.64208 -1.67808 1.036 
178.0 2.39392 1.42992 0.176162 
182.0 5.78224 1.95841 -2.74065 
187.0 1.47711 -6.26354 2.78643 
185.0 -2.69067 2.09576 -1.40509 
183.0 -2.71441 -2.1195 -0.166086 
178.0 -7.45167 -2.61776 2.06943 
170.0 -6.4789 3.59053 -4.11163 
163.0 -11.6327 -8.74436 8.3771 
151.0 -3.99017 16.3869 -11.3968 
152.0 -5.40658 -17.8033 10.2099 
139.0 -10.3835 12.8264 -4.44294 
137.0 1.94055 -0.502386 -1.43817 
137.0 -3.37872 -4.81689 1.19561 
130.0 -9.42567 -1.23006 2.65573 
122.0 -3.9186 6.73713 -1.81852 
123.0 4.10008 1.28156 -0.381639 
128.0 5.51828 0.136641 -1.65492 
132.0 0.826798 -4.82812 2.00133 
130.0 -2.82547 1.17585 0.649619 
129.0 1.47509 3.12471 -1.5998 
132.0 2.9251 -1.6747 -1.25041 
132.0 -4.17551 -5.42592 2.60143 
125.0 -7.22306 2.37837 0.844692 
121.0 0.067752 4.91244 -0.980196 
125.0 6.95205 1.97186 -2.92391 
131.0 2.12404 -6.79987 2.67583 
129.0 -3.44821 1.22762 1.22058 
128.0 2.66879 4.88938 -1.55817 
134.0 7.77304 0.214865 -0.987902 
141.0 5.23906 -2.74884 -1.49022 
142.0 -4.72929 -7.21951 6.94879 
137.0 1.67808 13.6269 -4.30495 
148.0 16.017 0.712022 -3.72899 
161.0 6.25403 -10.475 7.22092 
164.0 6.96689 11.1878 -4.1547 
178.0 16.8784 -1.2763 -0.602107 
193.0 12.5195 -3.08262 -0.436868 
202.0 5.04364 -4.39322 2.34958 
205.0 3.30593 2.65551 2.03856 
213.0 14.7326 8.77118 -3.50381 
233.0 21.7636 -1.74024 0.976676 
254.0 21.2131 1.18979 -0.402896 
276.0 22.384 -0.0189031 0.63491 
299.0 24.2509 1.88583 -1.13674 
324.0 24.6123 -1.5244 0.912059 
348.0 24.2997 1.21178 -0.511494 
373.0 25.1888 -0.322706 0.133918 
398.0 24.9451 0.0790487 -0.0241791 
423.0 25.0307 0.00651145 -0.037202 
448.0 24.9321 -0.105095 0.172987 
473.0 25.2409 0.413867 0.345254 
499.0 27.1044 1.44963 -2.554 
525.0 22.3416 -6.21238 -3.12924 
