474.0 -29.8732 4.92682 -1.05361 
448.0 -23.1804 1.766 -0.585602 
426.0 -21.4052 0.00919254 0.396013 
405.0 -20.1988 1.19723 0.00154932 
386.0 -17.7997 1.20188 -0.40221 
369.0 -16.6025 -0.00475137 0.607292 
353.0 -14.7902 1.81713 -1.02696 
339.0 -14.2368 -1.26375 -0.499457 
323.0 -18.2627 -2.76212 0.0247857 
302.0 -23.7125 -2.68776 0.400314 
276.0 -27.8871 -1.48682 2.37396 
249.0 -23.7389 5.63506 -1.89615 
229.0 -18.1572 -0.053397 1.21064 
212.0 -14.6321 3.57853 -0.946423 
200.0 -10.3143 0.739265 1.57505 
192.0 -4.11064 5.46441 -0.353769 
193.0 5.75687 4.4031 -1.15997 
202.0 11.0832 0.92319 -0.00634952 
214.0 12.9105 0.904141 -3.81463 
224.0 3.27488 -10.5398 4.26488 
221.0 -5.01 2.25487 -1.24487 
217.0 -4.23487 -1.47974 0.714615 
212.0 -5.05051 0.664102 -0.613588 
207.0 -5.56307 -1.17666 0.739737 
201.0 -5.69719 1.04255 -0.345358 
196.0 -4.64817 0.00647248 -0.358303 
191.0 -5.71013 -1.06844 0.778571 
185.0 -5.51129 1.26728 -0.755983 
180.0 -5.24469 -1.00067 0.245359 
174.0 -6.50995 -0.264594 -0.225453 
167.0 -7.7155 -0.940953 0.656453 
159.0 -7.62805 1.02841 -2.40036 
150.0 -12.7723 -6.17267 4.94498 
136.0 -10.2827 8.66227 -3.37957 
131.0 -3.09686 -1.47643 0.57329 
127.0 -4.32985 0.243441 0.0864085 
123.0 -3.58374 0.502666 0.0810763 
120.0 -2.33518 0.745895 -0.410714 
118.0 -2.07553 -0.486246 0.561779 
116.0 -1.36269 1.19909 -0.836401 
115.0 -1.47371 -1.31011 0.783825 
113.0 -1.74246 1.04136 -0.2989 
112.0 -0.556437 0.144663 0.411775 
112.0 0.968212 1.37999 0.651801 
115.0 5.68359 3.33539 0.981022 
125.0 15.2974 6.27846 -3.57589 
143.0 17.1267 -4.44921 1.32254 
157.0 12.1959 -0.481603 -1.71426 
167.0 6.08988 -5.62438 0.534495 
168.0 -3.55539 -4.02089 0.576278 
161.0 -9.86834 -2.29206 0.160394 
149.0 -13.9713 -1.81088 -0.217854 
133.0 -18.2466 -2.46444 -0.288979 
112.0 -24.0424 -3.33137 1.37377 
86.0 -26.5838 0.789935 0.793899 
61.0 -22.6223 3.17163 -0.549367 
41.0 -17.9271 1.52353 0.40357 
25.0 -13.6693 2.73424 -0.0649141 
14.0 -8.39559 2.5395 0.856086 
9.0 -0.748328 5.10776 -0.35943 
13.0 8.3889 4.02947 -1.41836 
24.0 12.1927 -0.225627 2.03289 
38.0 17.8402 5.87304 -4.71319 
57.0 15.4467 -8.26654 1.81989 
66.0 4.37323 -2.80688 1.43365 
69.0 3.06042 1.49407 -0.554494 
73.0 4.38509 -0.169408 -0.215677 
77.0 3.39924 -0.816439 0.417201 
80.0 3.01796 0.435165 -0.453129 
83.0 2.52891 -0.924221 0.395314 
85.0 1.86641 0.26172 -0.128126 
87.0 2.00547 -0.122657 0.117189 
89.0 2.11172 0.22891 -0.340631 
91.0 1.54765 -0.792983 0.245335 
92.0 0.697688 -0.0569772 -2.64071 
90.0 -7.3384 -7.97911 2.31751 
77.0 -16.3441 -1.02659 1.37069 
61.0 -14.2852 3.08547 -4.80025 
45.0 -22.515 -11.3153 9.83033 
21.0 -15.6546 18.1757 -3.52105 
20.0 10.1336 7.61254 -2.74614 
35.0 17.1203 -0.625863 2.50559 
54.0 23.3853 6.89091 -3.27623 
81.0 27.3385 -2.93777 0.599316 
106.0 23.2609 -1.13982 0.878963 
129.0 23.6181 1.49707 -0.115168 
154.0 26.2667 1.15156 -0.41829 
181.0 27.315 -0.10331 -0.211671 
208.0 26.4733 -0.738322 0.264974 
234.0 25.7916 0.0565987 1.15178 
261.0 29.3602 3.51193 -3.87208 
290.0 24.7678 -8.10431 4.33654 
311.0 21.5688 4.90531 -2.47407 
335.0 23.9572 -2.51692 2.55976 
359.0 26.6026 5.16237 -3.76497 
387.0 25.6324 -6.13254 3.50012 
410.0 23.8677 4.36781 -2.23551 
436.0 25.8968 -2.33871 1.44192 
461.0 25.5451 1.98704 -0.532159 
488.0 27.9227 0.39056 -1.31328 
515.0 24.764 -3.54928 1.78528 
538.0 23.0213 1.80655 0.172172 
563.0 27.1509 2.32307 -1.47396 
591.0 27.3751 -2.09882 -1.27632 
615.0 19.3485 -5.92777 4.57923 
633.0 21.2307 7.80992 -4.04061 
658.0 24.7287 -4.31192 -3.41678 
675.0 5.85452 -14.5623 1.70773 
668.0 -18.1468 -9.43906 2.58586 
643.0 -29.2674 -1.68149 7.94884 
620.0 -8.78381 22.165 -9.38123 
624.0 7.40257 -5.97866 4.57608 
630.0 9.17351 7.74959 -3.9231 
643.0 12.9034 -4.01971 2.11632 
654.0 11.2129 2.32924 -1.54217 
666.0 11.2449 -2.29727 1.05236 
676.0 9.80746 0.859826 -0.667288 
686.0 9.52525 -1.14204 0.616787 
695.0 9.09154 0.708325 -0.799862 
704.0 8.1086 -1.69126 0.58266 
711.0 6.47406 0.0567184 -0.530777 
717.0 4.99516 -1.53561 0.540449 
721.0 3.54528 0.0857335 -0.631018 
724.0 1.8237 -1.80732 -0.0163759 
724.0 -1.84007 -1.85645 0.696522 
721.0 -3.46341 0.233117 -0.769711 
717.0 -5.30631 -2.07602 0.382324 
710.0 -8.31137 -0.929046 0.240415 
701.0 -9.44822 -0.2078 -0.343985 
691.0 -10.8958 -1.23975 0.135524 
679.0 -12.9687 -0.833181 -0.198113 
665.0 -15.2294 -1.42752 0.656927 
649.0 -16.1137 0.543261 -0.429594 
633.0 -16.3159 -0.745523 0.0614509 
616.0 -17.6226 -0.56117 0.183791 
598.0 -18.1936 -0.00979784 -0.796614 
579.0 -20.603 -2.39964 1.00266 
557.0 -22.3943 0.608353 -1.21404 
534.0 -24.8197 -3.03377 -0.146496 
506.0 -31.3268 -3.47326 2.80003 
