539.0 -8.83193 -20.178 7.0099 
517.0 -28.1582 0.851738 -0.69357 
489.0 -28.5354 -1.22897 0.764376 
460.0 -28.7002 1.06415 -0.363933 
432.0 -27.6637 -0.0276447 -0.308644 
404.0 -28.6449 -0.953576 0.598508 
375.0 -28.7566 0.841947 -0.0853867 
347.0 -27.3288 0.585787 -0.256961 
320.0 -26.9281 -0.185095 0.11323 
293.0 -26.9586 0.154594 -0.195958 
266.0 -27.2373 -0.43328 0.670601 
239.0 -26.0921 1.57852 2.51355 
217.0 -15.3944 9.11918 1.27519 
212.0 6.66956 12.9448 -2.61432 
229.0 24.7161 5.10181 -1.81793 
257.0 29.466 -0.351975 -0.113977 
286.0 28.4201 -0.693906 0.273834 
314.0 27.8538 0.127598 0.0186389 
342.0 28.1649 0.183515 -0.34839 
370.0 27.4867 -0.861656 0.374922 
397.0 26.8882 0.26311 -0.151298 
424.0 26.9605 -0.190785 0.230271 
451.0 27.2698 0.500029 -0.769786 
478.0 25.9605 -1.80933 1.84887 
504.0 27.8884 3.73729 -4.62571 
531.0 21.4859 -10.1398 -3.34605 
