84.0 18.3957 15.6279 -8.02354 
110.0 25.5808 -8.44274 2.86194 
130.0 17.2811 0.143079 -1.42422 
146.0 13.2946 -4.12957 0.83493 
156.0 7.54029 -1.62478 -1.9155 
160.0 -1.45579 -7.37129 1.82708 
153.0 -10.7171 -1.89006 -0.392801 
140.0 -15.6757 -3.06847 0.74413 
122.0 -19.5802 -0.836076 -1.58372 
100.0 -26.0035 -5.58723 3.59074 
72.0 -26.4057 5.18499 -0.779247 
50.0 -18.3735 2.84725 -0.473752 
34.0 -14.1003 1.426 0.674256 
22.0 -9.22549 3.44876 0.776729 
17.0 0.00222083 5.77895 -0.78117 
22.0 9.21661 3.43544 -0.652048 
34.0 14.1313 1.4793 1.38936 
51.0 21.258 5.64738 -5.9054 
72.0 14.8366 -12.0688 9.23224 
