681.0 -1.12413 -2.55172 -0.324146 
677.0 -7.20002 -3.52416 0.724179 
667.0 -12.0758 -1.35163 -0.572569 
653.0 -16.4968 -3.06933 -0.433904 
633.0 -23.9371 -4.37104 2.30819 
607.0 -25.7547 2.55351 0.201163 
584.0 -20.0442 3.157 -0.112836 
567.0 -14.0687 2.81849 -0.749817 
555.0 -10.6811 0.569039 2.11211 
547.0 -3.20675 6.90535 -1.6986 
549.0 5.50815 1.80954 0.682309 
557.0 11.1742 3.85647 -1.03063 
571.0 15.7952 0.764577 1.44021 
589.0 21.645 5.08522 -1.73023 
614.0 26.6248 -0.105461 -1.51931 
639.0 21.8559 -4.66338 0.80745 
657.0 14.9515 -2.24103 0.289507 
670.0 11.338 -1.37251 -0.965478 
679.0 5.69654 -4.26894 0.572406 
