476.0 31.1027 -1.00666 -0.0960633 
506.0 28.8012 -1.29485 -0.506361 
533.0 24.6924 -2.81394 1.12151 
556.0 22.4291 0.550592 -0.979675 
578.0 20.5912 -2.38843 0.797192 
597.0 18.2059 0.00314278 -0.209093 
615.0 17.585 -0.624137 0.0391813 
632.0 16.4542 -0.506593 0.0523681 
648.0 15.5981 -0.349489 -0.248654 
663.0 14.1532 -1.09545 -0.0577532 
676.0 11.789 -1.26871 0.479667 
687.0 10.6906 0.17029 -0.860913 
697.0 8.44846 -2.41245 0.963985 
704.0 6.51552 0.479506 -0.995027 
710.0 4.48945 -2.50557 1.01612 
713.0 2.52667 0.54279 -1.06946 
715.0 0.403872 -2.66559 0.261716 
713.0 -4.14216 -1.88044 1.0226 
708.0 -4.83525 1.18735 -1.3521 
703.0 -6.51685 -2.86895 1.38579 
695.0 -8.09736 1.28844 -1.19108 
687.0 -9.09372 -2.2848 1.37852 
677.0 -9.52775 1.85077 -1.32302 
668.0 -9.79526 -2.11828 0.913542 
657.0 -11.2912 0.622347 -0.331152 
646.0 -11.04 -0.371108 0.411064 
635.0 -10.549 0.862085 -2.31311 
623.0 -15.7641 -6.07723 8.84136 
610.0 -1.39451 20.4468 -15.0523 
614.0 -5.65782 -24.7102 9.36798 
593.0 -26.9742 3.39378 -2.41959 
567.0 -27.4454 -3.86498 2.31037 
538.0 -28.2442 3.06612 2.17812 
515.0 -15.5776 9.60049 -4.02286 
505.0 -8.44523 -2.4681 1.91333 
496.0 -7.64143 3.2719 0.369534 
492.0 0.010967 4.3805 -1.39147 
495.0 4.59757 0.206097 0.196338 
500.0 5.59877 0.79511 -0.393883 
506.0 6.00735 -0.386538 0.379193 
512.0 6.37185 0.75104 -0.122888 
519.0 7.50526 0.382377 0.112359 
527.0 8.60709 0.719453 0.673453 
537.0 12.0664 2.73981 0.193829 
552.0 18.1275 3.3213 -0.44877 
573.0 23.4238 1.97499 -3.39875 
595.0 17.1775 -8.22126 1.04376 
605.0 3.86627 -5.08997 1.2237 
605.0 -2.64257 -1.41887 -0.938558 
600.0 -8.29599 -4.23455 0.530534 
588.0 -15.1735 -2.64294 2.81642 
573.0 -12.0101 5.80633 -2.79623 
564.0 -8.78613 -2.58236 1.36849 
554.0 -9.84538 1.5231 2.32228 
548.0 0.167662 8.48994 0.342396 
557.0 18.1747 9.51713 -4.69186 
580.0 23.1334 -4.55846 0.425061 
599.0 15.2917 -3.28328 0.991618 
612.0 11.7 -0.308423 -0.391535 
623.0 9.90851 -1.48303 -0.425477 
631.0 5.66602 -2.75946 1.09344 
635.0 3.42743 0.520868 -1.94829 
637.0 -1.37572 -5.32401 1.69973 
632.0 -6.92455 -0.224813 -0.850641 
624.0 -9.92609 -2.77673 0.702829 
612.0 -13.3711 -0.668249 -1.96067 
596.0 -20.5896 -6.55027 2.13987 
571.0 -27.2705 -0.130672 1.40121 
545.0 -23.3283 4.07296 -0.744705 
525.0 -17.4165 1.83884 -0.422388 
509.0 -15.0059 0.571677 0.434257 
495.0 -12.5598 1.87445 -0.314642 
484.0 -9.75483 0.930524 -0.17569 
475.0 -8.42086 0.403455 0.017401 
467.0 -7.56174 0.455658 0.106086 
460.0 -6.33217 0.773915 -0.441743 
454.0 -6.10957 -0.551316 0.660888 
448.0 -5.22954 1.43135 -0.20181 
444.0 -2.97227 0.82592 0.146351 
442.0 -0.881379 1.26497 0.616407 
443.0 3.49779 3.11419 -1.61198 
448.0 4.89024 -1.72174 2.83151 
454.0 9.94127 6.77278 -11.7141 
459.0 -11.6553 -28.3694 12.0247 
431.0 -32.32 7.70472 -3.38474 
403.0 -27.0648 -2.4495 2.51426 
376.0 -24.421 5.09328 -1.6723 
355.0 -19.2513 0.0763737 0.17495 
336.0 -18.5737 0.601224 -1.0275 
317.0 -20.4538 -2.48127 -2.06496 
292.0 -31.6112 -8.67615 12.2873 
264.0 -12.1015 28.1859 -9.08441 
271.0 17.0171 0.932651 0.0502902 
289.0 19.0332 1.08352 -5.11675 
304.0 5.85002 -14.2667 5.41672 
301.0 -6.4333 1.98343 -0.55013 
296.0 -4.11684 0.333035 -0.2162 
292.0 -4.09937 -0.315565 0.414931 
288.0 -3.4857 0.929226 -0.443522 
285.0 -2.95782 -0.40134 0.359157 
282.0 -2.68302 0.676132 0.00689263 
280.0 -1.31008 0.69681 0.613272 
280.0 1.92335 2.53663 -1.45998 
283.0 2.61666 -1.84332 5.22665 
289.0 14.61 13.8366 -6.44663 
311.0 22.9434 -5.50325 1.55987 
330.0 16.6165 -0.823651 -0.792833 
345.0 12.5907 -3.20215 0.611466 
355.0 8.02078 -1.36775 -1.65303 
360.0 0.326189 -6.32684 2.00065 
356.0 -6.32554 -0.324886 4.65042 
354.0 6.97596 13.6264 -5.60234 
369.0 17.4217 -3.18065 1.75896 
385.0 16.3373 2.09622 -0.433482 
403.0 19.2293 0.795775 -0.0250306 
423.0 20.7457 0.720683 1.5336 
446.0 26.7879 5.32149 -2.10939 
