272.0 20.698 13.8089 -7.50684 
299.0 25.7952 -8.71167 2.9165 
319.0 17.1213 0.0378281 -1.15916 
335.0 13.7195 -3.43964 0.720129 
346.0 9.00061 -1.27926 -1.72136 
352.0 1.27803 -6.44333 1.1653 
348.0 -8.11272 -2.94742 0.0601457 
337.0 -13.8271 -2.76698 0.594114 
321.0 -17.5788 -0.984641 -1.4366 
301.0 -23.8578 -5.29445 2.1523 
274.0 -27.9899 1.16244 0.827414 
248.0 -23.1827 3.64468 -0.461954 
228.0 -17.2792 2.25882 0.020401 
213.0 -12.7004 2.32003 0.38035 
203.0 -6.91927 3.46107 0.4582 
200.0 1.37747 4.83568 -0.21315 
206.0 10.4094 4.19623 -1.6056 
219.0 13.985 -0.620575 2.63555 
235.0 20.6505 7.28608 -5.9366 
257.0 17.4129 -10.5237 8.11086 
