269.0 0.736595 -3.28939 1.5528 
268.0 -1.1838 1.369 -0.185196 
268.0 0.998604 0.813407 0.187989 
270.0 3.18939 1.37737 -0.56676 
274.0 4.24385 -0.322905 0.0790497 
278.0 3.83519 -0.0857556 0.250561 
282.0 4.41537 0.665927 -0.0812931 
287.0 5.50334 0.422048 -0.925389 
292.0 3.57127 -2.35412 -4.21715 
289.0 -13.7884 -15.0056 7.794 
268.0 -20.4176 8.37642 -2.95884 
253.0 -12.5413 -0.500107 -1.95863 
238.0 -19.4174 -6.37599 7.79336 
220.0 -8.78928 17.0041 -7.2148 
221.0 3.57447 -4.64033 2.06586 
222.0 0.491384 1.55724 -0.048625 
224.0 3.45999 1.41137 -0.871357 
228.0 3.66865 -1.20271 0.534055 
231.0 2.8654 0.399458 0.735139 
235.0 5.86974 2.60488 -1.47461 
242.0 6.65565 -1.81896 1.16331 
248.0 6.50765 1.67096 -0.178614 
256.0 9.31373 1.13512 -1.44885 
265.0 7.23742 -3.21143 -0.0259864 
