100.0 18.4745 -21.9434 7.46886 
104.0 -3.00563 0.463228 0.542405 
102.0 -0.451963 2.09044 -0.638479 
103.0 1.81348 0.175004 0.0115124 
105.0 2.19803 0.209541 -0.40757 
107.0 1.3944 -1.01317 0.618769 
108.0 1.22437 0.843137 -0.0675054 
110.0 2.70813 0.640621 -0.348747 
113.0 2.94313 -0.405621 0.462495 
116.0 3.51937 0.981864 -1.50123 
119.0 0.979399 -3.52183 5.54244 
122.0 10.563 13.1055 -15.6685 
130.0 -10.2315 -33.9001 19.1316 
105.0 -20.6369 23.4947 -7.85788 
100.0 2.77898 -0.0789014 -0.700077 
102.0 0.520944 -2.17913 0.658188 
101.0 -1.86276 -0.204568 0.0673238 
99.0 -2.06992 -0.00259627 0.0725164 
97.0 -1.85756 0.214953 -0.357389 
95.0 -2.49983 -0.857215 0.357041 
92.0 -3.14313 0.213907 -0.070774 
89.0 -2.92764 0.00158553 -0.073945 
86.0 -3.1463 -0.220249 0.366554 
83.0 -2.48714 0.879412 -2.39227 
79.0 -7.90513 -6.2974 11.2025 
76.0 13.1077 27.3102 -16.4178 
