729.0 17.5359 -30.3731 12.8372 
729.0 -4.69873 8.13844 -3.43971 
729.0 1.25902 -2.18069 0.921667 
729.0 -0.337354 0.584314 -0.24696 
729.0 0.0903936 -0.156566 0.0661727 
729.0 -0.0242209 0.0419518 -0.0177309 
729.0 0.00648997 -0.011241 0.00475099 
729.0 -0.00173898 0.00301201 -0.00127303 
729.0 0.000465952 -0.000807076 0.000341124 
729.0 -0.000124829 0.000216295 -9.14659e-05 
729.0 3.33629e-05 -5.81029e-05 2.474e-05 
729.0 -8.62295e-06 1.6117e-05 -7.49408e-06 
729.0 1.12887e-06 -6.36521e-06 5.23634e-06 
729.0 4.10747e-06 9.34381e-06 -1.34513e-05 
729.0 -1.75587e-05 -3.101e-05 4.85688e-05 
729.0 6.61275e-05 0.000114696 -0.000180824 
729.0 -0.000246951 -0.000427775 0.000674726 
729.0 0.000921677 0.0015964 -0.00251808 
729.0 -0.00343976 -0.00595784 0.0093976 
729.0 0.0128374 0.022235 -0.0350723 
729.0 -0.0479097 -0.082982 0.130892 
729.0 0.178801 0.309693 -0.488494 
729.0 -0.667296 -1.15579 1.82309 
729.0 2.49038 4.31347 -6.80385 
729.0 -9.29423 -16.0981 4.3923 
708.0 -28.3135 -2.92116 1.23463 
678.0 -30.4519 0.782723 -0.330818 
648.0 -29.8789 -0.20973 0.0886423 
618.0 -30.0324 0.056197 -0.0237516 
588.0 -29.9913 -0.0150579 0.00636421 
558.0 -30.0023 0.0040347 -0.00170519 
528.0 -29.9994 -0.00108088 0.000456562 
498.0 -30.0002 0.00028881 -0.000121057 
468.0 -30.0 -7.43625e-05 2.76675e-05 
438.0 -30.0 8.63999e-06 1.03875e-05 
408.0 -30.0 3.98025e-05 -6.92175e-05 
378.0 -30.0001 -0.00016785 0.000266483 
348.0 -29.9996 0.000631598 -0.000996713 
318.0 -30.0014 -0.00235854 0.00372037 
288.0 -29.9949 0.00880257 -0.0138848 
258.0 -30.019 -0.0328517 0.0518187 
228.0 -29.9292 0.122604 -0.19339 
198.0 -30.2642 -0.457566 0.721741 
168.0 -29.0141 1.70766 -2.69358 
138.0 -33.6795 -6.37307 10.0526 
108.0 -16.2679 23.7846 -9.51666 
106.0 2.75129 -4.76537 2.01408 
106.0 -0.737206 1.27688 -0.539672 
106.0 0.197534 -0.342138 0.144605 
106.0 -0.052929 0.0916757 -0.0387467 
106.0 0.0141823 -0.0245644 0.0103821 
106.0 -0.00380013 0.00658202 -0.00278189 
106.0 0.00101824 -0.00176365 0.000745409 
106.0 -0.000272831 0.000472577 -0.000199746 
106.0 7.30853e-05 -0.000126661 5.35754e-05 
106.0 -1.95099e-05 3.40655e-05 -1.45557e-05 
106.0 4.95423e-06 -9.60142e-06 4.64719e-06 
106.0 -3.07045e-07 4.34014e-06 -4.0331e-06 
106.0 -3.72606e-06 -7.75916e-06 1.14852e-05 
106.0 1.52113e-05 2.66965e-05 -4.19077e-05 
106.0 -5.7119e-05 -9.90268e-05 0.000156146 
106.0 0.000213265 0.000369411 -0.000582675 
106.0 -0.00079594 -0.00137862 0.00217456 
106.0 0.0029705 0.00514505 -0.00811555 
106.0 -0.011086 -0.0192016 0.0302876 
106.0 0.0413737 0.0716613 -0.113035 
106.0 -0.154409 -0.267444 0.421852 
106.0 0.576261 0.998113 -1.57437 
106.0 -2.15064 -3.72501 5.87564 
106.0 8.02628 13.9019 -2.9282 
125.0 27.0455 5.11731 -2.16283 
155.0 30.7917 -1.37118 0.579529 
185.0 29.7879 0.367407 -0.155284 
215.0 30.0568 -0.0984463 0.0416083 
245.0 29.9848 0.0263786 -0.0111489 
275.0 30.0041 -0.00706802 0.00298717 
305.0 29.9989 0.00189348 -0.000799799 
335.0 30.0003 -0.000505914 0.000212028 
365.0 29.9999 0.000130172 -4.83154e-05 
395.0 30.0 -1.47742e-05 -1.8767e-05 
425.0 29.9999 -7.10752e-05 0.000123383 
455.0 30.0002 0.000299075 -0.000474766 
485.0 29.9993 -0.00112522 0.00177568 
515.0 30.0024 0.00420182 -0.00662796 
545.0 29.9909 -0.0156821 0.0247362 
575.0 30.0338 0.0585264 -0.0923167 
605.0 29.8739 -0.218424 0.344531 
635.0 30.4706 0.815168 -1.28581 
665.0 28.2436 -3.04225 4.79869 
695.0 36.5551 11.3538 -13.909 
