489.0 -14.5785 -24.3318 9.91029 
460.0 -33.5112 5.39913 -1.88796 
430.0 -28.3768 -0.264754 0.641548 
402.0 -26.9817 1.65989 -0.67823 
376.0 -25.6966 -0.374801 0.0713716 
350.0 -26.2321 -0.160686 0.392743 
324.0 -25.3752 1.01754 -0.642345 
299.0 -25.2671 -0.90949 1.17664 
274.0 -23.5562 2.62042 1.9358 
255.0 -12.508 8.42782 -4.91985 
246.0 -10.4119 -6.33171 1.74358 
231.0 -17.8446 -1.10097 5.94552 
218.0 -2.20992 16.7356 -2.52568 
230.0 23.6842 9.15856 -3.84281 
259.0 30.4729 -2.36986 0.896914 
288.0 28.424 0.320881 -0.744847 
316.0 26.8312 -1.91366 1.08247 
342.0 26.2513 1.33376 -0.585051 
369.0 27.1637 -0.42139 -0.742271 
395.0 24.0941 -2.6482 1.55413 
418.0 23.4601 2.0142 -1.47426 
442.0 23.0657 -2.40859 1.34292 
464.0 22.2773 1.62017 -2.89743 
485.0 16.8253 -7.0721 -5.75322 
