724.0 -1.57523 -2.41347 -0.011304 
720.0 -6.43608 -2.44738 0.883458 
712.0 -8.68046 0.202994 -0.52253 
703.0 -9.84207 -1.3646 0.206661 
692.0 -11.9513 -0.744613 -0.304113 
679.0 -14.3528 -1.65695 2.00979 
665.0 -11.6374 4.37242 3.26495 
661.0 6.90232 14.1673 -7.06959 
675.0 14.0281 -7.0415 2.01341 
684.0 5.98532 -1.00128 -0.984038 
688.0 1.03065 -3.95339 -0.0772541 
685.0 -7.1079 -4.18515 1.29305 
675.0 -11.599 -0.30599 -1.09496 
662.0 -15.4959 -3.59088 1.0868 
644.0 -19.4173 -0.330472 -2.25225 
622.0 -26.835 -7.08723 4.9222 
593.0 -26.2428 7.67938 -2.43656 
572.0 -18.1937 0.369692 -0.175948 
554.0 -17.9822 -0.158152 -1.85964 
534.0 -23.8774 -5.73709 2.61453 
507.0 -27.508 2.10649 -0.59846 
481.0 -25.0904 0.311112 -0.220684 
456.0 -25.1303 -0.350941 0.481198 
431.0 -24.3885 1.09265 -0.704108 
407.0 -24.3156 -1.01967 0.335233 
382.0 -25.3492 -0.0139723 0.363177 
357.0 -24.2876 1.07556 -0.787941 
333.0 -24.5003 -1.28826 0.788588 
308.0 -24.7111 1.0775 -0.366411 
284.0 -23.6553 -0.0217341 0.677057 
261.0 -21.6676 2.00944 -2.34182 
239.0 -24.6742 -5.01601 8.69021 
218.0 -8.63559 21.0546 -4.41902 
226.0 20.2166 7.79755 -3.01412 
251.0 26.7693 -1.24481 0.475508 
277.0 25.7062 0.181709 0.11209 
303.0 26.4059 0.51798 0.0761309 
330.0 27.6702 0.746373 -0.416614 
358.0 27.9131 -0.50347 0.590325 
386.0 28.6772 1.26751 -0.944688 
415.0 28.3781 -1.56656 1.18843 
443.0 28.8103 1.99872 -1.80902 
472.0 27.3807 -3.42833 2.04764 
498.0 26.6669 2.71458 -2.38153 
525.0 24.9515 -4.43 -0.521535 
545.0 14.5269 -5.9946 3.46767 
557.0 12.9407 4.4084 -1.34913 
573.0 17.7101 0.361016 1.92884 
593.0 24.2187 6.14754 -3.36624 
620.0 26.4151 -3.95117 0.536105 
643.0 20.121 -2.34286 0.221816 
661.0 16.1008 -1.67741 -0.423368 
675.0 11.4759 -2.94751 0.471657 
684.0 6.9958 -1.53254 -1.46326 
688.0 -0.459061 -5.92232 1.38138 
683.0 -8.15956 -1.77818 -0.0622638 
673.0 -11.9027 -1.96497 -0.132325 
659.0 -16.2296 -2.36195 -0.408434 
640.0 -22.1788 -3.58725 0.766063 
615.0 -27.0551 -1.28906 2.34418 
589.0 -22.6007 5.74349 -2.1428 
570.0 -17.5421 -0.684898 2.227 
554.0 -12.2309 5.9961 -4.76521 
543.0 -14.5343 -8.29951 1.83382 
522.0 -25.6319 -2.79805 1.42992 
495.0 -26.9382 1.49171 -0.553506 
469.0 -25.6153 -0.168805 -0.215896 
443.0 -26.6006 -0.816493 0.417091 
416.0 -26.9823 0.434779 -0.452467 
389.0 -27.4702 -0.922622 0.392778 
361.0 -28.1371 0.255711 -0.118644 
333.0 -27.9816 -0.100221 0.0817977 
305.0 -27.9366 0.145172 -0.208547 
277.0 -28.2719 -0.480469 -0.24761 
248.0 -29.9757 -1.2233 3.19899 
220.0 -22.8253 8.37366 -2.54834 
203.0 -13.723 0.728651 -1.00564 
189.0 -15.2826 -2.28827 3.5709 
175.0 -9.14648 8.42442 -5.27794 
169.0 -8.13147 -7.40941 2.54087 
156.0 -15.3277 0.213213 0.114448 
141.0 -14.5579 0.556556 3.00133 
130.0 -4.44077 9.56056 -4.11979 
131.0 2.32099 -2.7988 -0.522183 
130.0 -4.84317 -4.36535 2.20852 
123.0 -6.94831 2.26021 -0.311901 
118.0 -3.36359 1.32451 1.03908 
117.0 2.40267 4.44175 -3.84443 
120.0 -0.247101 -7.09153 3.33863 
116.0 -4.41427 2.92436 -1.51009 
113.0 -3.09582 -1.60591 3.70173 
112.0 4.79755 9.49928 -5.29683 
121.0 7.90561 -6.39122 0.485608 
123.0 -3.42001 -4.9344 2.3544 
117.0 -6.22559 2.12881 2.09678 
115.0 4.32237 8.41915 -5.74152 
122.0 3.93611 -8.80541 2.8693 
120.0 -5.06681 -0.197507 0.264315 
115.0 -4.66888 0.595438 1.07344 
112.0 -0.257685 3.81575 -0.558068 
115.0 5.69962 2.14155 -0.841165 
122.0 7.45922 -0.381947 -2.07727 
127.0 0.463512 -6.61376 4.15025 
125.0 -0.313264 5.83698 0.476281 
131.0 12.7895 7.26583 -8.05537 
143.0 3.15508 -16.9003 10.7452 
140.0 1.59012 15.3353 -3.92546 
153.0 20.4844 3.55896 -5.04338 
172.0 12.4722 -11.5712 4.09897 
177.0 1.62677 0.725747 4.64748 
184.0 17.0207 14.6682 -7.6889 
208.0 23.2904 -8.39851 3.10812 
226.0 15.8177 0.925843 0.256431 
243.0 18.4387 1.69514 -1.13384 
262.0 18.4275 -1.70639 1.27893 
280.0 18.8515 2.13041 -0.981882 
300.0 20.1666 -0.81524 0.648599 
320.0 20.482 1.13056 -0.612512 
341.0 20.9055 -0.70698 0.801449 
362.0 21.8959 1.69737 -0.593284 
385.0 23.5108 -0.0824863 0.571688 
409.0 25.0609 1.63258 -0.693469 
435.0 26.2456 -0.447827 1.20219 
462.0 28.9565 3.15873 -2.11528 
492.0 28.9282 -3.1871 1.25892 
519.0 26.3307 0.589663 -0.920406 
545.0 24.7489 -2.17155 0.422703 
568.0 21.6739 -0.903446 0.229595 
589.0 20.5557 -0.214661 -0.341083 
609.0 19.1032 -1.23791 0.134737 
627.0 17.0316 -0.833699 -0.197865 
643.0 14.7706 -1.42729 0.656721 
657.0 13.8861 0.542871 -0.42902 
671.0 13.6848 -0.74419 0.0593602 
684.0 12.3745 -0.56611 0.191579 
696.0 11.817 0.00862869 -0.825678 
707.0 9.35727 -2.46841 1.11113 
715.0 7.75386 0.864992 -1.61885 
722.0 4.62729 -3.99156 1.36427 
724.0 0.736984 0.101258 -0.838242 
