681.0 0.363431 -2.94385 -0.419579 
678.0 -6.78301 -4.20259 0.9856 
668.0 -12.2314 -1.24579 -0.52282 
654.0 -16.2914 -2.81425 0.10568 
635.0 -21.6029 -2.49721 0.100102 
611.0 -26.297 -2.19691 2.49391 
585.0 -23.2091 5.28483 -1.07576 
566.0 -15.8667 2.05757 -0.190892 
552.0 -12.3242 1.48489 0.839323 
542.0 -6.83646 4.00286 -0.1664 
539.0 0.670061 3.50366 -0.173723 
543.0 7.15622 2.98249 -0.13871 
553.0 12.7051 2.56636 -0.271439 
568.0 17.0235 1.75205 1.22446 
588.0 24.201 5.42544 -2.62642 
615.0 27.1726 -2.45381 -0.718794 
639.0 20.1086 -4.61019 1.50159 
656.0 15.393 -0.105415 -1.28758 
670.0 11.3194 -3.96815 0.648715 
678.0 5.32928 -2.022 -0.307284 
