234.0 11.1067 18.9309 -8.03766 
256.0 24.8556 -5.18205 -4.67356 
271.0 0.470824 -19.2027 8.73192 
261.0 -11.7389 6.99301 -3.25411 
253.0 -7.51521 -2.76932 1.28452 
244.0 -9.20027 1.08425 0.116023 
236.0 -6.6837 1.43232 -0.748613 
230.0 -6.06491 -0.813522 0.87843 
224.0 -5.05666 1.82177 -0.765108 
220.0 -3.70845 -0.473555 0.182002 
216.0 -4.10955 0.0724506 0.0371007 
212.0 -3.85335 0.183753 0.669595 
209.0 -1.47706 2.19254 -0.715482 
209.0 0.761574 0.0460918 1.19233 
211.0 4.43076 3.62309 -0.0538539 
219.0 11.5154 3.46153 1.02308 
235.0 21.5077 6.53078 -2.03847 
261.0 28.4538 0.415359 -0.86919 
289.0 26.677 -2.19221 -0.484766 
313.0 20.8383 -3.64651 1.80825 
332.0 18.97 1.77825 -0.748252 
352.0 20.2817 -0.466502 1.18475 
373.0 22.903 3.08776 0.00924104 
399.0 29.1062 3.11548 -2.22172 
429.0 28.672 -3.54967 1.87763 
456.0 27.2056 2.08321 -1.28879 
484.0 27.5056 -1.78316 0.277527 
510.0 24.7719 -0.950576 1.17868 
535.0 26.4068 2.58546 -0.992247 
563.0 28.601 -0.391277 -0.209692 
591.0 27.1893 -1.02035 -1.16898 
616.0 21.6417 -4.52731 4.88563 
638.0 27.244 10.1296 -14.3735 
661.0 4.38252 -32.991 10.6085 
643.0 -29.774 -1.16551 3.93953 
616.0 -20.2865 10.6531 -7.36661 
599.0 -21.0802 -11.4468 4.52691 
571.0 -30.3929 2.13397 0.258968 
543.0 -25.3481 2.91087 -0.562782 
520.0 -21.2147 1.22253 -2.00784 
498.0 -24.7932 -4.80099 2.59414 
471.0 -26.6127 2.98143 -1.36873 
446.0 -24.756 -1.12475 -0.119232 
420.0 -27.3632 -1.48244 0.845655 
392.0 -27.7911 1.05452 -0.263389 
365.0 -26.4723 0.264354 -0.792098 
338.0 -28.3198 -2.11194 2.43178 
310.0 -25.2484 5.1834 -2.93502 
287.0 -23.6866 -3.62166 1.3083 
261.0 -27.0051 0.303251 0.701803 
235.0 -24.2931 2.40866 -2.11552 
211.0 -25.8224 -3.93789 1.76027 
183.0 -28.4174 1.34291 0.0744477 
156.0 -25.5082 1.56625 -0.0580581 
132.0 -22.5499 1.39208 -1.84222 
109.0 -25.2924 -4.13457 2.42692 
82.0 -26.2807 3.14619 0.13454 
59.0 -19.5847 3.54981 -2.96508 
40.0 -21.3804 -5.34543 13.7258 
27.0 9.10613 35.8319 -17.938 
54.0 26.9558 -17.9822 7.02634 
70.0 12.0705 3.09685 -0.167347 
85.0 17.7622 2.59481 0.643042 
106.0 24.8809 4.52393 -2.40482 
133.0 26.7143 -2.69053 -2.02375 
155.0 15.262 -8.7618 3.49984 
165.0 8.23788 1.73773 -0.97561 
174.0 8.7865 -1.18911 0.402601 
182.0 7.6161 0.0186963 -0.634792 
189.0 5.74911 -1.88568 1.13657 
194.0 5.38745 1.52402 -0.911477 
200.0 5.70107 -1.21041 0.509341 
205.0 4.80827 0.317615 -0.125889 
210.0 5.06584 -0.0600511 -0.00578648 
215.0 4.92838 -0.0774106 0.149035 
220.0 5.22066 0.369693 -0.590352 
225.0 4.18899 -1.40136 1.21237 
229.0 5.02338 2.23576 -3.25914 
233.0 -0.282528 -7.54167 8.8242 
