714.0 1.95239 -2.47832 0.525935 
714.0 -1.42645 -0.90052 -0.673025 
711.0 -5.24657 -2.9196 1.16617 
704.0 -7.58726 0.578904 -0.991641 
696.0 -9.40438 -2.39602 0.800398 
685.0 -11.7952 0.00517446 -0.209951 
673.0 -12.4147 -0.624678 0.0394056 
660.0 -13.5459 -0.506461 0.0523285 
646.0 -14.4018 -0.349476 -0.24872 
631.0 -15.8469 -1.09563 -0.0574501 
614.0 -18.2105 -1.26798 0.47852 
595.0 -19.3109 0.167575 -0.85663 
575.0 -21.5457 -2.40231 0.947999 
552.0 -23.5063 0.441683 -0.935367 
528.0 -25.4291 -2.36442 0.793467 
501.0 -27.7775 0.0159853 -0.238503 
473.0 -28.461 -0.699524 1.16055 
445.0 -26.3784 2.78211 -1.40368 
420.0 -25.0252 -1.42892 1.45417 
395.0 -23.5206 2.93357 -1.41298 
373.0 -21.8924 -1.30537 1.19777 
351.0 -20.9098 2.28792 -1.37808 
331.0 -20.4682 -1.84632 1.31456 
310.0 -20.2172 2.09737 -0.880171 
291.0 -18.663 -0.543147 0.206122 
272.0 -19.1309 0.0752189 0.0556841 
253.0 -18.8134 0.242271 0.571142 
235.0 -16.6154 1.9557 -2.34025 
218.0 -19.7248 -5.06506 4.78987 
198.0 -15.4853 9.30454 -0.819208 
191.0 0.66612 6.84691 -3.51303 
195.0 3.82085 -3.69218 0.871334 
196.0 -0.949515 -1.07818 5.0277 
199.0 11.9772 14.0049 -5.98212 
219.0 22.0407 -3.94144 2.90077 
240.0 22.8601 4.76087 -1.62097 
266.0 27.5189 -0.102033 -0.416901 
293.0 26.0642 -1.35274 0.288573 
318.0 24.2244 -0.487018 0.262609 
342.0 24.0382 0.300809 -0.339009 
366.0 23.6228 -0.716219 0.0934281 
389.0 22.4706 -0.435934 -0.0347031 
411.0 21.4947 -0.540044 -0.954616 
431.0 17.5507 -3.40389 0.853166 
446.0 13.3024 -0.844393 -3.45805 
455.0 1.23951 -11.2185 1.97902 
447.0 -15.2605 -5.28147 0.541954 
427.0 -24.1976 -3.6556 1.85316 
401.0 -25.9493 1.90388 -0.954592 
376.0 -25.0053 -0.959901 7.96521 
358.0 -3.02948 22.9357 -8.90625 
369.0 16.1232 -3.78301 -5.34022 
376.0 -7.46346 -19.8037 7.26713 
356.0 -25.2694 1.99772 -0.728313 
332.0 -23.4589 -0.187215 2.64612 
311.0 -15.895 7.75114 1.14384 
304.0 3.03882 11.1827 -3.22149 
315.0 15.7397 1.5182 -0.25789 
332.0 18.0024 0.74453 0.25305 
351.0 20.2506 1.50368 0.24569 
373.0 23.9951 2.24075 -0.235812 
399.0 27.7691 1.53332 -1.30244 
427.0 26.9284 -2.37401 0.445586 
452.0 23.5172 -1.03726 -0.479899 
474.0 20.0029 -2.47696 0.474012 
492.0 16.4711 -1.05492 -1.41615 
506.0 10.1128 -5.30336 0.190576 
511.0 0.0777909 -4.73163 0.653842 
507.0 -7.42395 -2.77011 0.194056 
497.0 -12.382 -2.18794 0.569934 
483.0 -15.0481 -0.478136 -0.473794 
467.0 -17.4257 -1.89952 0.325241 
448.0 -20.249 -0.923794 0.172829 
427.0 -21.5781 -0.405306 -0.0165587 
405.0 -22.4384 -0.454982 -0.106595 
382.0 -23.6682 -0.774766 0.442937 
358.0 -23.8889 0.554046 -0.665155 
334.0 -24.7763 -1.44142 0.217683 
308.0 -27.0061 -0.78837 -0.205577 
280.0 -29.1995 -1.4051 1.60462 
251.0 -27.1959 3.40877 -1.21292 
226.0 -24.0171 -0.22999 0.247059 
202.0 -23.7359 0.511186 4.22469 
183.0 -10.0394 13.1852 -5.1458 
181.0 0.893637 -2.25217 1.35853 
181.0 0.464893 1.82342 0.711683 
184.0 6.24679 3.95847 -1.20526 
193.0 10.5479 0.342683 0.10937 
204.0 11.5614 0.670793 -1.23222 
215.0 9.20636 -3.02586 -1.18051 
220.0 -0.386866 -6.56737 6.95424 
220.0 7.3411 14.2953 -6.63644 
235.0 16.0225 -5.61399 1.59154 
247.0 9.56909 -0.839372 4.27028 
260.0 20.7012 11.9715 -5.67267 
287.0 27.6261 -5.04654 2.42041 
312.0 24.7943 2.21469 -1.00898 
338.0 26.1967 -0.812232 0.615489 
364.0 26.4187 1.03423 -0.452979 
391.0 27.1283 -0.324703 0.196427 
418.0 27.0682 0.264579 0.66727 
446.0 29.5991 2.26639 -1.86551 
476.0 28.5354 -3.33013 1.79475 
503.0 27.2594 2.05413 -5.31351 
527.0 15.4271 -13.8864 6.45928 
535.0 7.03216 5.49144 -1.5236 
546.0 13.4442 0.920639 0.635122 
561.0 17.1909 2.82601 -0.0168892 
581.0 22.7922 2.77534 -0.567566 
606.0 26.6402 1.07264 -1.71285 
632.0 23.6469 -4.0659 0.418959 
652.0 16.772 -2.80903 1.03701 
667.0 14.265 0.302006 -0.567001 
681.0 13.168 -1.399 0.230995 
693.0 11.063 -0.706012 -0.35698 
703.0 8.58003 -1.77695 0.196924 
710.0 5.6169 -1.18618 -0.430715 
