1 15 25.9808 -10.9808 729 17.5359 -30.3731 12.8372
31 34.0192 -6.96152 2.94229 729 -4.69873 8.13844 -3.43971
61 28.923 1.86533 -0.788383 729 1.25902 -2.18069 0.921667
91 30.2886 -0.499815 0.211247 729 -0.337354 0.584314 -0.24696
121 29.9227 0.133925 -0.0566034 729 0.0903936 -0.156566 0.0661727
151 30.0207 -0.0358851 0.0151668 729 -0.0242209 0.0419518 -0.0177309
181 29.9944 0.00961538 -0.00406394 729 0.00648997 -0.011241 0.00475099
211 30.0015 -0.00257643 0.00108892 729 -0.00173898 0.00301201 -0.00127303
241 29.9996 0.000690342 -0.00029176 729 0.000465952 -0.000807076 0.000341124
271 30.0001 -0.000184937 7.81147e-05 729 -0.000124829 0.000216295 -9.14659e-05
301 30 4.94068e-05 -2.0699e-05 729 3.33629e-05 -5.81029e-05 2.474e-05
331 30 -1.26901e-05 4.68125e-06 729 -8.62295e-06 1.6117e-05 -7.49408e-06
361 30 1.35364e-06 1.97397e-06 729 1.12887e-06 -6.36521e-06 5.23634e-06
391 30 7.27555e-06 -1.25771e-05 729 4.10747e-06 9.34381e-06 -1.34513e-05
421 30 -3.04558e-05 4.83345e-05 729 -1.75587e-05 -3.101e-05 4.85688e-05
451 30.0001 0.000114548 -0.000180761 729 6.61275e-05 0.000114696 -0.000180824
481 29.9998 -0.000427735 0.000674709 729 -0.000246951 -0.000427775 0.000674726
511 30.0009 0.00159639 -0.00251808 729 0.000921677 0.0015964 -0.00251808
541 29.9966 -0.00595784 0.0093976 729 -0.00343976 -0.00595784 0.0093976
571 30.0128 0.022235 -0.0350723 729 0.0128374 0.022235 -0.0350723
601 29.9521 -0.082982 0.130892 729 -0.0479097 -0.082982 0.130892
631 30.1788 0.309693 -0.488494 729 0.178801 0.309693 -0.488494
661 29.3327 -1.15579 1.82309 729 -0.667296 -1.15579 1.82309
691 32.4904 4.31347 -6.80385 729 2.49038 4.31347 -6.80385
721 20.7058 -16.0981 4.3923 729 -9.29423 -16.0981 4.3923
730 1.68653 -2.92116 1.23463 708 -28.3135 -2.92116 1.23463
730 -0.451905 0.782723 -0.330818 678 -30.4519 0.782723 -0.330818
730 0.121088 -0.20973 0.0886423 648 -29.8789 -0.20973 0.0886423
730 -0.0324453 0.056197 -0.0237516 618 -30.0324 0.056197 -0.0237516
730 0.00869369 -0.015058 0.00636426 588 -29.9913 -0.0150579 0.00636421
730 -0.00232943 0.00403482 -0.00170539 558 -30.0023 0.0040347 -0.00170519
730 0.000624045 -0.00108134 0.0004573 528 -29.9994 -0.00108088 0.000456562
730 -0.000166744 0.000290556 -0.000123811 498 -30.0002 0.00028881 -0.000121057
730 4.29332e-05 -8.08781e-05 3.79449e-05 468 -30 -7.43625e-05 2.76675e-05
730 -4.9883e-06 3.29566e-05 -2.79683e-05 438 -30 8.63999e-06 1.03875e-05
730 -2.298e-05 -5.09483e-05 7.39283e-05 408 -30 3.98025e-05 -6.92175e-05
730 9.69083e-05 0.000170837 -0.000267745 378 -30.0001 -0.00016785 0.000266483
730 -0.000364653 -0.000632398 0.000997051 348 -29.9996 0.000631598 -0.000996713
730 0.0013617 0.00235876 -0.00372046 318 -30.0014 -0.00235854 0.00372037
730 -0.00508216 -0.00880262 0.0138848 288 -29.9949 0.00880257 -0.0138848
730 0.018967 0.0328517 -0.0518187 258 -30.019 -0.0328517 0.0518187
730 -0.0707856 -0.122604 0.19339 228 -29.9292 0.122604 -0.19339
730 0.264176 0.457566 -0.721741 198 -30.2642 -0.457566 0.721741
730 -0.985917 -1.70766 2.69358 168 -29.0141 1.70766 -2.69358
730 3.67949 6.37307 -10.0526 138 -33.6795 -6.37307 10.0526
730 -13.7321 -23.7846 9.51666 108 -16.2679 23.7846 -9.51666
702 -32.7513 4.76537 -2.01408 106 2.75129 -4.76537 2.01408
672 -29.2628 -1.27688 0.539672 106 -0.737206 1.27688 -0.539672
642 -30.1975 0.342138 -0.144605 106 0.197534 -0.342138 0.144605
612 -29.9471 -0.0916757 0.0387467 106 -0.052929 0.0916757 -0.0387467
582 -30.0142 0.0245644 -0.0103821 106 0.0141823 -0.0245644 0.0103821
552 -29.9962 -0.00658202 0.00278189 106 -0.00380013 0.00658202 -0.00278189
522 -30.001 0.00176364 -0.0007454 106 0.00101824 -0.00176365 0.000745409
492 -29.9997 -0.000472558 0.000199715 106 -0.000272831 0.000472577 -0.000199746
462 -30.0001 0.000126587 -5.34599e-05 106 7.30853e-05 -0.000126661 5.35754e-05
432 -30 -3.37921e-05 1.41244e-05 106 -1.95099e-05 3.40655e-05 -1.45557e-05
402 -30 8.58098e-06 -3.0376e-06 106 4.95423e-06 -9.60142e-06 4.64719e-06
372 -30 -5.31816e-07 -1.97397e-06 106 -3.07045e-07 4.34014e-06 -4.0331e-06
342 -30 -6.45372e-06 1.09335e-05 106 -3.72606e-06 -7.75916e-06 1.14852e-05
312 -30 2.63467e-05 -4.17599e-05 106 1.52113e-05 2.66965e-05 -4.19077e-05
282 -30.0001 -9.8933e-05 0.000156106 106 -5.7119e-05 -9.90268e-05 0.000156146
252 -29.9998 0.000369385 -0.000582665 106 0.000213265 0.000369411 -0.000582675
222 -30.0008 -0.00137861 0.00217455 106 -0.00079594 -0.00137862 0.00217456
192 -29.997 0.00514505 -0.00811555 106 0.0029705 0.00514505 -0.00811555
162 -30.0111 -0.0192016 0.0302876 106 -0.011086 -0.0192016 0.0302876
132 -29.9586 0.0716613 -0.113035 106 0.0413737 0.0716613 -0.113035
102 -30.1544 -0.267444 0.421852 106 -0.154409 -0.267444 0.421852
72 -29.4237 0.998113 -1.57437 106 0.576261 0.998113 -1.57437
42 -32.1506 -3.72501 5.87564 106 -2.15064 -3.72501 5.87564
12 -21.9737 13.9019 -2.9282 106 8.02628 13.9019 -2.9282
1 -2.95448 5.11731 -2.16283 125 27.0455 5.11731 -2.16283
1 0.791651 -1.37118 0.579529 155 30.7917 -1.37118 0.579529
1 -0.212122 0.367407 -0.155284 185 29.7879 0.367407 -0.155284
1 0.056838 -0.0984463 0.0416083 215 30.0568 -0.0984463 0.0416083
1 -0.0152297 0.0263786 -0.0111489 245 29.9848 0.0263786 -0.0111489
1 0.00408075 -0.0070682 0.00298745 275 30.0041 -0.00706802 0.00298717
1 -0.0010933 0.00189415 -0.000800859 305 29.9989 0.00189348 -0.000799799
1 0.000292437 -0.000508422 0.000215986 335 30.0003 -0.000505914 0.000212028
1 -7.64511e-05 0.000139534 -6.30833e-05 365 29.9999 0.000130172 -4.83154e-05
1 1.33678e-05 -4.97156e-05 3.63478e-05 395 30 -1.47742e-05 -1.8767e-05
1 2.298e-05 5.93278e-05 -8.23078e-05 425 29.9999 -7.10752e-05 0.000123383
1 -0.000105288 -0.000187596 0.000292883 455 30.0002 0.000299075 -0.000474766
1 0.000398171 0.000691054 -0.00108923 485 29.9993 -0.00112522 0.00177568
1 -0.0014874 -0.00257662 0.00406402 515 30.0024 0.00420182 -0.00662796
1 0.00555142 0.00961543 -0.0151668 545 29.9909 -0.0156821 0.0247362
1 -0.0207183 -0.0358851 0.0566034 575 30.0338 0.0585264 -0.0923167
1 0.0773216 0.133925 -0.211247 605 29.8739 -0.218424 0.344531
1 -0.288568 -0.499815 0.788383 635 30.4706 0.815168 -1.28581
1 1.07695 1.86533 -2.94229 665 28.2436 -3.04225 4.79869
1 -4.01924 -6.96152 10.9808 695 36.5551 11.3538 -13.909
#  
474 -29.8732 4.92682 -1.05361 724 -1.57523 -2.41347 -0.011304
448 -23.1804 1.766 -0.585602 720 -6.43608 -2.44738 0.883458
426 -21.4052 0.00919254 0.396013 712 -8.68046 0.202994 -0.52253
405 -20.1988 1.19723 0.00154932 703 -9.84207 -1.3646 0.206661
386 -17.7997 1.20188 -0.40221 692 -11.9513 -0.744613 -0.304113
369 -16.6025 -0.00475137 0.607292 679 -14.3528 -1.65695 2.00979
353 -14.7902 1.81713 -1.02696 665 -11.6374 4.37242 3.26495
339 -14.2368 -1.26375 -0.499457 661 6.90232 14.1673 -7.06959
323 -18.2627 -2.76212 0.0247857 675 14.0281 -7.0415 2.01341
302 -23.7125 -2.68776 0.400314 684 5.98532 -1.00128 -0.984038
276 -27.8871 -1.48682 2.37396 688 1.03065 -3.95339 -0.0772541
249 -23.7389 5.63506 -1.89615 685 -7.1079 -4.18515 1.29305
229 -18.1572 -0.053397 1.21064 675 -11.599 -0.30599 -1.09496
212 -14.6321 3.57853 -0.946423 662 -15.4959 -3.59088 1.0868
200 -10.3143 0.739265 1.57505 644 -19.4173 -0.330472 -2.25225
192 -4.11064 5.46441 -0.353769 622 -26.835 -7.08723 4.9222
193 5.75687 4.4031 -1.15997 593 -26.2428 7.67938 -2.43656
202 11.0832 0.92319 -0.00634952 572 -18.1937 0.369692 -0.175948
214 12.9105 0.904141 -3.81463 554 -17.9822 -0.158152 -1.85964
224 3.27488 -10.5398 4.26488 534 -23.8774 -5.73709 2.61453
221 -5.01 2.25487 -1.24487 507 -27.508 2.10649 -0.59846
217 -4.23487 -1.47974 0.714615 481 -25.0904 0.311112 -0.220684
212 -5.05051 0.664102 -0.613588 456 -25.1303 -0.350941 0.481198
207 -5.56307 -1.17666 0.739737 431 -24.3885 1.09265 -0.704108
201 -5.69719 1.04255 -0.345358 407 -24.3156 -1.01967 0.335233
196 -4.64817 0.00647248 -0.358303 382 -25.3492 -0.0139723 0.363177
191 -5.71013 -1.06844 0.778571 357 -24.2876 1.07556 -0.787941
185 -5.51129 1.26728 -0.755983 333 -24.5003 -1.28826 0.788588
180 -5.24469 -1.00067 0.245359 308 -24.7111 1.0775 -0.366411
174 -6.50995 -0.264594 -0.225453 284 -23.6553 -0.0217341 0.677057
167 -7.7155 -0.940953 0.656453 261 -21.6676 2.00944 -2.34182
159 -7.62805 1.02841 -2.40036 239 -24.6742 -5.01601 8.69021
150 -12.7723 -6.17267 4.94498 218 -8.63559 21.0546 -4.41902
136 -10.2827 8.66227 -3.37957 226 20.2166 7.79755 -3.01412
131 -3.09686 -1.47643 0.57329 251 26.7693 -1.24481 0.475508
127 -4.32985 0.243441 0.0864085 277 25.7062 0.181709 0.11209
123 -3.58374 0.502666 0.0810763 303 26.4059 0.51798 0.0761309
120 -2.33518 0.745895 -0.410714 330 27.6702 0.746373 -0.416614
118 -2.07553 -0.486246 0.561779 358 27.9131 -0.50347 0.590325
116 -1.36269 1.19909 -0.836401 386 28.6772 1.26751 -0.944688
115 -1.47371 -1.31011 0.783825 415 28.3781 -1.56656 1.18843
113 -1.74246 1.04136 -0.2989 443 28.8103 1.99872 -1.80902
112 -0.556437 0.144663 0.411775 472 27.3807 -3.42833 2.04764
112 0.968212 1.37999 0.651801 498 26.6669 2.71458 -2.38153
115 5.68359 3.33539 0.981022 525 24.9515 -4.43 -0.521535
125 15.2974 6.27846 -3.57589 545 14.5269 -5.9946 3.46767
143 17.1267 -4.44921 1.32254 557 12.9407 4.4084 -1.34913
157 12.1959 -0.481603 -1.71426 573 17.7101 0.361016 1.92884
167 6.08988 -5.62438 0.534495 593 24.2187 6.14754 -3.36624
168 -3.55539 -4.02089 0.576278 620 26.4151 -3.95117 0.536105
161 -9.86834 -2.29206 0.160394 643 20.121 -2.34286 0.221816
149 -13.9713 -1.81088 -0.217854 661 16.1008 -1.67741 -0.423368
133 -18.2466 -2.46444 -0.288979 675 11.4759 -2.94751 0.471657
112 -24.0424 -3.33137 1.37377 684 6.9958 -1.53254 -1.46326
86 -26.5838 0.789935 0.793899 688 -0.459061 -5.92232 1.38138
61 -22.6223 3.17163 -0.549367 683 -8.15956 -1.77818 -0.0622638
41 -17.9271 1.52353 0.40357 673 -11.9027 -1.96497 -0.132325
25 -13.6693 2.73424 -0.0649141 659 -16.2296 -2.36195 -0.408434
14 -8.39559 2.5395 0.856086 640 -22.1788 -3.58725 0.766063
9 -0.748328 5.10776 -0.35943 615 -27.0551 -1.28906 2.34418
13 8.3889 4.02947 -1.41836 589 -22.6007 5.74349 -2.1428
24 12.1927 -0.225627 2.03289 570 -17.5421 -0.684898 2.227
38 17.8402 5.87304 -4.71319 554 -12.2309 5.9961 -4.76521
57 15.4467 -8.26654 1.81989 543 -14.5343 -8.29951 1.83382
66 4.37323 -2.80688 1.43365 522 -25.6319 -2.79805 1.42992
69 3.06042 1.49407 -0.554494 495 -26.9382 1.49171 -0.553506
73 4.38509 -0.169408 -0.215677 469 -25.6153 -0.168805 -0.215896
77 3.39924 -0.816439 0.417201 443 -26.6006 -0.816493 0.417091
80 3.01796 0.435165 -0.453129 416 -26.9823 0.434779 -0.452467
83 2.52891 -0.924221 0.395314 389 -27.4702 -0.922622 0.392778
85 1.86641 0.26172 -0.128126 361 -28.1371 0.255711 -0.118644
87 2.00547 -0.122657 0.117189 333 -27.9816 -0.100221 0.0817977
89 2.11172 0.22891 -0.340631 305 -27.9366 0.145172 -0.208547
91 1.54765 -0.792983 0.245335 277 -28.2719 -0.480469 -0.24761
92 0.697688 -0.0569772 -2.64071 248 -29.9757 -1.2233 3.19899
90 -7.3384 -7.97911 2.31751 220 -22.8253 8.37366 -2.54834
77 -16.3441 -1.02659 1.37069 203 -13.723 0.728651 -1.00564
61 -14.2852 3.08547 -4.80025 189 -15.2826 -2.28827 3.5709
45 -22.515 -11.3153 9.83033 175 -9.14648 8.42442 -5.27794
21 -15.6546 18.1757 -3.52105 169 -8.13147 -7.40941 2.54087
20 10.1336 7.61254 -2.74614 156 -15.3277 0.213213 0.114448
35 17.1203 -0.625863 2.50559 141 -14.5579 0.556556 3.00133
54 23.3853 6.89091 -3.27623 130 -4.44077 9.56056 -4.11979
81 27.3385 -2.93777 0.599316 131 2.32099 -2.7988 -0.522183
106 23.2609 -1.13982 0.878963 130 -4.84317 -4.36535 2.20852
129 23.6181 1.49707 -0.115168 123 -6.94831 2.26021 -0.311901
154 26.2667 1.15156 -0.41829 118 -3.36359 1.32451 1.03908
181 27.315 -0.10331 -0.211671 117 2.40267 4.44175 -3.84443
208 26.4733 -0.738322 0.264974 120 -0.247101 -7.09153 3.33863
234 25.7916 0.0565987 1.15178 116 -4.41427 2.92436 -1.51009
261 29.3602 3.51193 -3.87208 113 -3.09582 -1.60591 3.70173
290 24.7678 -8.10431 4.33654 112 4.79755 9.49928 -5.29683
311 21.5688 4.90531 -2.47407 121 7.90561 -6.39122 0.485608
335 23.9572 -2.51692 2.55976 123 -3.42001 -4.9344 2.3544
359 26.6026 5.16237 -3.76497 117 -6.22559 2.12881 2.09678
387 25.6324 -6.13254 3.50012 115 4.32237 8.41915 -5.74152
410 23.8677 4.36781 -2.23551 122 3.93611 -8.80541 2.8693
436 25.8968 -2.33871 1.44192 120 -5.06681 -0.197507 0.264315
461 25.5451 1.98704 -0.532159 115 -4.66888 0.595438 1.07344
488 27.9227 0.39056 -1.31328 112 -0.257685 3.81575 -0.558068
515 24.764 -3.54928 1.78528 115 5.69962 2.14155 -0.841165
538 23.0213 1.80655 0.172172 122 7.45922 -0.381947 -2.07727
563 27.1509 2.32307 -1.47396 127 0.463512 -6.61376 4.15025
591 27.3751 -2.09882 -1.27632 125 -0.313264 5.83698 0.476281
615 19.3485 -5.92777 4.57923 131 12.7895 7.26583 -8.05537
633 21.2307 7.80992 -4.04061 143 3.15508 -16.9003 10.7452
658 24.7287 -4.31192 -3.41678 140 1.59012 15.3353 -3.92546
675 5.85452 -14.5623 1.70773 153 20.4844 3.55896 -5.04338
668 -18.1468 -9.43906 2.58586 172 12.4722 -11.5712 4.09897
643 -29.2674 -1.68149 7.94884 177 1.62677 0.725747 4.64748
620 -8.78381 22.165 -9.38123 184 17.0207 14.6682 -7.6889
624 7.40257 -5.97866 4.57608 208 23.2904 -8.39851 3.10812
630 9.17351 7.74959 -3.9231 226 15.8177 0.925843 0.256431
643 12.9034 -4.01971 2.11632 243 18.4387 1.69514 -1.13384
654 11.2129 2.32924 -1.54217 262 18.4275 -1.70639 1.27893
666 11.2449 -2.29727 1.05236 280 18.8515 2.13041 -0.981882
676 9.80746 0.859826 -0.667288 300 20.1666 -0.81524 0.648599
686 9.52525 -1.14204 0.616787 320 20.482 1.13056 -0.612512
695 9.09154 0.708325 -0.799862 341 20.9055 -0.70698 0.801449
704 8.1086 -1.69126 0.58266 362 21.8959 1.69737 -0.593284
711 6.47406 0.0567184 -0.530777 385 23.5108 -0.0824863 0.571688
717 4.99516 -1.53561 0.540449 409 25.0609 1.63258 -0.693469
721 3.54528 0.0857335 -0.631018 435 26.2456 -0.447827 1.20219
724 1.8237 -1.80732 -0.0163759 462 28.9565 3.15873 -2.11528
724 -1.84007 -1.85645 0.696522 492 28.9282 -3.1871 1.25892
721 -3.46341 0.233117 -0.769711 519 26.3307 0.589663 -0.920406
717 -5.30631 -2.07602 0.382324 545 24.7489 -2.17155 0.422703
710 -8.31137 -0.929046 0.240415 568 21.6739 -0.903446 0.229595
701 -9.44822 -0.2078 -0.343985 589 20.5557 -0.214661 -0.341083
691 -10.8958 -1.23975 0.135524 609 19.1032 -1.23791 0.134737
679 -12.9687 -0.833181 -0.198113 627 17.0316 -0.833699 -0.197865
665 -15.2294 -1.42752 0.656927 643 14.7706 -1.42729 0.656721
649 -16.1137 0.543261 -0.429594 657 13.8861 0.542871 -0.42902
633 -16.3159 -0.745523 0.0614509 671 13.6848 -0.74419 0.0593602
616 -17.6226 -0.56117 0.183791 684 12.3745 -0.56611 0.191579
598 -18.1936 -0.00979784 -0.796614 696 11.817 0.00862869 -0.825678
579 -20.603 -2.39964 1.00266 707 9.35727 -2.46841 1.11113
557 -22.3943 0.608353 -1.21404 715 7.75386 0.864992 -1.61885
534 -24.8197 -3.03377 -0.146496 722 4.62729 -3.99156 1.36427
506 -31.3268 -3.47326 2.80003 724 0.736984 0.101258 -0.838242
#  
476 31.1027 -1.00666 -0.0960633 714 1.95239 -2.47832 0.525935
506 28.8012 -1.29485 -0.506361 714 -1.42645 -0.90052 -0.673025
533 24.6924 -2.81394 1.12151 711 -5.24657 -2.9196 1.16617
556 22.4291 0.550592 -0.979675 704 -7.58726 0.578904 -0.991641
578 20.5912 -2.38843 0.797192 696 -9.40438 -2.39602 0.800398
597 18.2059 0.00314278 -0.209093 685 -11.7952 0.00517446 -0.209951
615 17.585 -0.624137 0.0391813 673 -12.4147 -0.624678 0.0394056
632 16.4542 -0.506593 0.0523681 660 -13.5459 -0.506461 0.0523285
648 15.5981 -0.349489 -0.248654 646 -14.4018 -0.349476 -0.24872
663 14.1532 -1.09545 -0.0577532 631 -15.8469 -1.09563 -0.0574501
676 11.789 -1.26871 0.479667 614 -18.2105 -1.26798 0.47852
687 10.6906 0.17029 -0.860913 595 -19.3109 0.167575 -0.85663
697 8.44846 -2.41245 0.963985 575 -21.5457 -2.40231 0.947999
704 6.51552 0.479506 -0.995027 552 -23.5063 0.441683 -0.935367
710 4.48945 -2.50557 1.01612 528 -25.4291 -2.36442 0.793467
713 2.52667 0.54279 -1.06946 501 -27.7775 0.0159853 -0.238503
715 0.403872 -2.66559 0.261716 473 -28.461 -0.699524 1.16055
713 -4.14216 -1.88044 1.0226 445 -26.3784 2.78211 -1.40368
708 -4.83525 1.18735 -1.3521 420 -25.0252 -1.42892 1.45417
703 -6.51685 -2.86895 1.38579 395 -23.5206 2.93357 -1.41298
695 -8.09736 1.28844 -1.19108 373 -21.8924 -1.30537 1.19777
687 -9.09372 -2.2848 1.37852 351 -20.9098 2.28792 -1.37808
677 -9.52775 1.85077 -1.32302 331 -20.4682 -1.84632 1.31456
668 -9.79526 -2.11828 0.913542 310 -20.2172 2.09737 -0.880171
657 -11.2912 0.622347 -0.331152 291 -18.663 -0.543147 0.206122
646 -11.04 -0.371108 0.411064 272 -19.1309 0.0752189 0.0556841
635 -10.549 0.862085 -2.31311 253 -18.8134 0.242271 0.571142
623 -15.7641 -6.07723 8.84136 235 -16.6154 1.9557 -2.34025
610 -1.39451 20.4468 -15.0523 218 -19.7248 -5.06506 4.78987
614 -5.65782 -24.7102 9.36798 198 -15.4853 9.30454 -0.819208
593 -26.9742 3.39378 -2.41959 191 0.66612 6.84691 -3.51303
567 -27.4454 -3.86498 2.31037 195 3.82085 -3.69218 0.871334
538 -28.2442 3.06612 2.17812 196 -0.949515 -1.07818 5.0277
515 -15.5776 9.60049 -4.02286 199 11.9772 14.0049 -5.98212
505 -8.44523 -2.4681 1.91333 219 22.0407 -3.94144 2.90077
496 -7.64143 3.2719 0.369534 240 22.8601 4.76087 -1.62097
492 0.010967 4.3805 -1.39147 266 27.5189 -0.102033 -0.416901
495 4.59757 0.206097 0.196338 293 26.0642 -1.35274 0.288573
500 5.59877 0.79511 -0.393883 318 24.2244 -0.487018 0.262609
506 6.00735 -0.386538 0.379193 342 24.0382 0.300809 -0.339009
512 6.37185 0.75104 -0.122888 366 23.6228 -0.716219 0.0934281
519 7.50526 0.382377 0.112359 389 22.4706 -0.435934 -0.0347031
527 8.60709 0.719453 0.673453 411 21.4947 -0.540044 -0.954616
537 12.0664 2.73981 0.193829 431 17.5507 -3.40389 0.853166
552 18.1275 3.3213 -0.44877 446 13.3024 -0.844393 -3.45805
573 23.4238 1.97499 -3.39875 455 1.23951 -11.2185 1.97902
595 17.1775 -8.22126 1.04376 447 -15.2605 -5.28147 0.541954
605 3.86627 -5.08997 1.2237 427 -24.1976 -3.6556 1.85316
605 -2.64257 -1.41887 -0.938558 401 -25.9493 1.90388 -0.954592
600 -8.29599 -4.23455 0.530534 376 -25.0053 -0.959901 7.96521
588 -15.1735 -2.64294 2.81642 358 -3.02948 22.9357 -8.90625
573 -12.0101 5.80633 -2.79623 369 16.1232 -3.78301 -5.34022
564 -8.78613 -2.58236 1.36849 376 -7.46346 -19.8037 7.26713
554 -9.84538 1.5231 2.32228 356 -25.2694 1.99772 -0.728313
548 0.167662 8.48994 0.342396 332 -23.4589 -0.187215 2.64612
557 18.1747 9.51713 -4.69186 311 -15.895 7.75114 1.14384
580 23.1334 -4.55846 0.425061 304 3.03882 11.1827 -3.22149
599 15.2917 -3.28328 0.991618 315 15.7397 1.5182 -0.25789
612 11.7 -0.308423 -0.391535 332 18.0024 0.74453 0.25305
623 9.90851 -1.48303 -0.425477 351 20.2506 1.50368 0.24569
631 5.66602 -2.75946 1.09344 373 23.9951 2.24075 -0.235812
635 3.42743 0.520868 -1.94829 399 27.7691 1.53332 -1.30244
637 -1.37572 -5.32401 1.69973 427 26.9284 -2.37401 0.445586
632 -6.92455 -0.224813 -0.850641 452 23.5172 -1.03726 -0.479899
624 -9.92609 -2.77673 0.702829 474 20.0029 -2.47696 0.474012
612 -13.3711 -0.668249 -1.96067 492 16.4711 -1.05492 -1.41615
596 -20.5896 -6.55027 2.13987 506 10.1128 -5.30336 0.190576
571 -27.2705 -0.130672 1.40121 511 0.0777909 -4.73163 0.653842
545 -23.3283 4.07296 -0.744705 507 -7.42395 -2.77011 0.194056
525 -17.4165 1.83884 -0.422388 497 -12.382 -2.18794 0.569934
509 -15.0059 0.571677 0.434257 483 -15.0481 -0.478136 -0.473794
495 -12.5598 1.87445 -0.314642 467 -17.4257 -1.89952 0.325241
484 -9.75483 0.930524 -0.17569 448 -20.249 -0.923794 0.172829
475 -8.42086 0.403455 0.017401 427 -21.5781 -0.405306 -0.0165587
467 -7.56174 0.455658 0.106086 405 -22.4384 -0.454982 -0.106595
460 -6.33217 0.773915 -0.441743 382 -23.6682 -0.774766 0.442937
454 -6.10957 -0.551316 0.660888 358 -23.8889 0.554046 -0.665155
448 -5.22954 1.43135 -0.20181 334 -24.7763 -1.44142 0.217683
444 -2.97227 0.82592 0.146351 308 -27.0061 -0.78837 -0.205577
442 -0.881379 1.26497 0.616407 280 -29.1995 -1.4051 1.60462
443 3.49779 3.11419 -1.61198 251 -27.1959 3.40877 -1.21292
448 4.89024 -1.72174 2.83151 226 -24.0171 -0.22999 0.247059
454 9.94127 6.77278 -11.7141 202 -23.7359 0.511186 4.22469
459 -11.6553 -28.3694 12.0247 183 -10.0394 13.1852 -5.1458
431 -32.32 7.70472 -3.38474 181 0.893637 -2.25217 1.35853
403 -27.0648 -2.4495 2.51426 181 0.464893 1.82342 0.711683
376 -24.421 5.09328 -1.6723 184 6.24679 3.95847 -1.20526
355 -19.2513 0.0763737 0.17495 193 10.5479 0.342683 0.10937
336 -18.5737 0.601224 -1.0275 204 11.5614 0.670793 -1.23222
317 -20.4538 -2.48127 -2.06496 215 9.20636 -3.02586 -1.18051
292 -31.6112 -8.67615 12.2873 220 -0.386866 -6.56737 6.95424
264 -12.1015 28.1859 -9.08441 220 7.3411 14.2953 -6.63644
271 17.0171 0.932651 0.0502902 235 16.0225 -5.61399 1.59154
289 19.0332 1.08352 -5.11675 247 9.56909 -0.839372 4.27028
304 5.85002 -14.2667 5.41672 260 20.7012 11.9715 -5.67267
301 -6.4333 1.98343 -0.55013 287 27.6261 -5.04654 2.42041
296 -4.11684 0.333035 -0.2162 312 24.7943 2.21469 -1.00898
292 -4.09937 -0.315565 0.414931 338 26.1967 -0.812232 0.615489
288 -3.4857 0.929226 -0.443522 364 26.4187 1.03423 -0.452979
285 -2.95782 -0.40134 0.359157 391 27.1283 -0.324703 0.196427
282 -2.68302 0.676132 0.00689263 418 27.0682 0.264579 0.66727
280 -1.31008 0.69681 0.613272 446 29.5991 2.26639 -1.86551
280 1.92335 2.53663 -1.45998 476 28.5354 -3.33013 1.79475
283 2.61666 -1.84332 5.22665 503 27.2594 2.05413 -5.31351
289 14.61 13.8366 -6.44663 527 15.4271 -13.8864 6.45928
311 22.9434 -5.50325 1.55987 535 7.03216 5.49144 -1.5236
330 16.6165 -0.823651 -0.792833 546 13.4442 0.920639 0.635122
345 12.5907 -3.20215 0.611466 561 17.1909 2.82601 -0.0168892
355 8.02078 -1.36775 -1.65303 581 22.7922 2.77534 -0.567566
360 0.326189 -6.32684 2.00065 606 26.6402 1.07264 -1.71285
356 -6.32554 -0.324886 4.65042 632 23.6469 -4.0659 0.418959
354 6.97596 13.6264 -5.60234 652 16.772 -2.80903 1.03701
369 17.4217 -3.18065 1.75896 667 14.265 0.302006 -0.567001
385 16.3373 2.09622 -0.433482 681 13.168 -1.399 0.230995
403 19.2293 0.795775 -0.0250306 693 11.063 -0.706012 -0.35698
423 20.7457 0.720683 1.5336 703 8.58003 -1.77695 0.196924
446 26.7879 5.32149 -2.10939 710 5.6169 -1.18618 -0.430715
#  
84 18.3957 15.6279 -8.02354 681 -1.12413 -2.55172 -0.324146
110 25.5808 -8.44274 2.86194 677 -7.20002 -3.52416 0.724179
130 17.2811 0.143079 -1.42422 667 -12.0758 -1.35163 -0.572569
146 13.2946 -4.12957 0.83493 653 -16.4968 -3.06933 -0.433904
156 7.54029 -1.62478 -1.9155 633 -23.9371 -4.37104 2.30819
160 -1.45579 -7.37129 1.82708 607 -25.7547 2.55351 0.201163
153 -10.7171 -1.89006 -0.392801 584 -20.0442 3.157 -0.112836
140 -15.6757 -3.06847 0.74413 567 -14.0687 2.81849 -0.749817
122 -19.5802 -0.836076 -1.58372 555 -10.6811 0.569039 2.11211
100 -26.0035 -5.58723 3.59074 547 -3.20675 6.90535 -1.6986
72 -26.4057 5.18499 -0.779247 549 5.50815 1.80954 0.682309
50 -18.3735 2.84725 -0.473752 557 11.1742 3.85647 -1.03063
34 -14.1003 1.426 0.674256 571 15.7952 0.764577 1.44021
22 -9.22549 3.44876 0.776729 589 21.645 5.08522 -1.73023
17 0.00222083 5.77895 -0.78117 614 26.6248 -0.105461 -1.51931
22 9.21661 3.43544 -0.652048 639 21.8559 -4.66338 0.80745
34 14.1313 1.4793 1.38936 657 14.9515 -2.24103 0.289507
51 21.258 5.64738 -5.9054 670 11.338 -1.37251 -0.965478
72 14.8366 -12.0688 9.23224 679 5.69654 -4.26894 0.572406
#  
272 20.698 13.8089 -7.50684 681 0.363431 -2.94385 -0.419579
299 25.7952 -8.71167 2.9165 678 -6.78301 -4.20259 0.9856
319 17.1213 0.0378281 -1.15916 668 -12.2314 -1.24579 -0.52282
335 13.7195 -3.43964 0.720129 654 -16.2914 -2.81425 0.10568
346 9.00061 -1.27926 -1.72136 635 -21.6029 -2.49721 0.100102
352 1.27803 -6.44333 1.1653 611 -26.297 -2.19691 2.49391
348 -8.11272 -2.94742 0.0601457 585 -23.2091 5.28483 -1.07576
337 -13.8271 -2.76698 0.594114 566 -15.8667 2.05757 -0.190892
321 -17.5788 -0.984641 -1.4366 552 -12.3242 1.48489 0.839323
301 -23.8578 -5.29445 2.1523 542 -6.83646 4.00286 -0.1664
274 -27.9899 1.16244 0.827414 539 0.670061 3.50366 -0.173723
248 -23.1827 3.64468 -0.461954 543 7.15622 2.98249 -0.13871
228 -17.2792 2.25882 0.020401 553 12.7051 2.56636 -0.271439
213 -12.7004 2.32003 0.38035 568 17.0235 1.75205 1.22446
203 -6.91927 3.46107 0.4582 588 24.201 5.42544 -2.62642
200 1.37747 4.83568 -0.21315 615 27.1726 -2.45381 -0.718794
206 10.4094 4.19623 -1.6056 639 20.1086 -4.61019 1.50159
219 13.985 -0.620575 2.63555 656 15.393 -0.105415 -1.28758
235 20.6505 7.28608 -5.9366 670 11.3194 -3.96815 0.648715
257 17.4129 -10.5237 8.11086 678 5.32928 -2.022 -0.307284
#  
548 -21.2143 0.857143 4.35714 670 -6.10714 -8.14286 0.25
532 -6.42857 13.9286 -2.5 656 -21.6429 -7.39286 6.03571
537 13.9286 6.42857 -0.357143 633 -18.3214 10.7143 -2.39286
557 25.7143 5.35714 -4.07143 623 -4.07143 3.53571 1.53571
584 24.2143 -6.85714 -2.35714 624 7.60714 8.14286 -0.75
599 3.42857 -13.9286 2.5 639 21.6429 5.89286 -5.53571
591 -16.9286 -6.42857 2.35714 661 16.8214 -10.7143 2.89286
570 -22.7143 0.642857 0.0714286 670 4.07143 -2.03571 -2.03571
#  
56 -25.9821 5.625 0.357143 663 0.375 -12.2679 1.89286
36 -13.6607 6.69643 -0.0357143 653 -18.4821 -6.58929 2.07143
29 -0.375 6.58929 0.785714 630 -25.4464 -0.375 2.82143
36 15.1607 8.94643 -3.10714 607 -17.7321 8.08929 0.642857
57 23.7321 -0.375 -2.35714 598 0.375 10.0179 -1.39286
78 15.9107 -7.44643 0.535714 607 16.2321 5.83929 -1.07143
87 2.625 -5.83929 -2.78571 628 24.6964 2.625 -3.32143
81 -17.4107 -14.1964 6.60714 652 19.9821 -7.33929 -1.64286
#  
235 -23.1176 6.92157 -0.803922 657 -4.84314 -9 0.843137
218 -11.6863 4.5098 1.17647 644 -20.3137 -6.47059 2.78431
212 0.862745 8.03922 -0.901961 620 -24.902 1.88235 1.01961
220 14.2353 5.33333 -0.568627 598 -18.0784 4.94118 2.13725
239 23.1961 3.62745 -3.82353 587 -1.78431 11.3529 -2.56863
262 18.9804 -7.84314 0.862745 594 13.2157 3.64706 1.13725
274 5.88235 -5.2549 -0.627451 612 23.9216 7.05882 -4.98039
274 -6.5098 -7.13725 -0.352941 638 23.098 -7.88235 0.784314
260 -21.8431 -8.19608 5.03922 654 9.68627 -5.52941 -1.15686
#  
56 20.8 3.2 -5 656 0.4 -12.4 1
75 12.2 -11.8 0.6 645 -21.4 -9.4 5.8
76 -9.6 -10 2.6 620 -22.8 8 1.8
59 -21.8 -2.2 5 607 -1.4 13.4 -1
40 -11.2 12.8 -1.6 618 22.4 10.4 -6.8
40 9.6 8 -1.6 644 22.8 -10 -0.8
#  
245 17.122 10.0976 -8.21951 650 -3.21951 -6.43902 -1.34146
264 12.6585 -14.561 2.90244 639 -20.122 -10.4634 5.58537
265 -7.7561 -5.85366 -0.390244 614 -24.2927 6.29268 2
251 -20.6341 -7.02439 5.65854 598 -5.70732 12.2927 -0.585366
229 -17.7073 9.95122 0.756098 604 17.122 10.5366 -4.65854
222 4.46341 12.2195 -5.68293 627 24.2195 -3.43902 -1.78049
233 11.8537 -4.82927 4.97561 646 12 -8.78049 0.780488
#  
52 -17.25 2.25 6 643 -5.25 -18.75 8
43 5.25 20.25 -9.5 627 -18.75 5.25 4.5
59 17.25 -8.25 -2 618 5.25 18.75 -8
66 -5.25 -14.25 5.5 634 18.75 -5.25 -4.5
#  
236 -18.75 6 4.75 636 -8.25 -21 10.25
228 7.5 20.25 -9.75 617 -19.5 9.75 2.75
246 18.75 -9 -2.75 610 8.25 18 -8.25
253 -7.5 -17.25 7.75 628 19.5 -6.75 -4.75
#  
456 -23.1964 6.16071 -0.964286 592 -3.91071 -11.0893 3
438 -13.7679 3.26786 0.5 580 -17.0893 -2.08929 -0.821429
428 -5.73214 4.76786 3.96429 560 -23.7321 -4.55357 5.28571
431 15.6964 16.6607 -8.35714 537 -16.9821 11.3036 -0.321429
455 23.9464 -8.41071 2.46429 531 4.66071 10.3393 -3
473 14.5179 -1.01786 -2.5 543 16.3393 1.33929 1.32143
484 4.98214 -8.51786 -1.46429 562 22.9821 5.30357 -5.28571
479 -16.4464 -12.9107 6.35714 585 17.7321 -10.5536 -0.178571
#  
642 -19 8.8 0.2 570 -7 -16.8 5.8
632 -0.8 9.4 0.4 552 -23.2 0.6 1.6
641 19.2 10.6 -6.8 531 -17.2 5.4 4.8
664 20 -9.8 -0.2 524 8 19.8 -7.8
674 -0.2 -10.4 0.6 544 24.2 -3.6 -0.6
664 -19.2 -8.6 5.8 564 15.2 -5.4 -3.8
#  
100 18.4745 -21.9434 7.46886 539 -8.83193 -20.178 7.0099
104 -3.00563 0.463228 0.542405 517 -28.1582 0.851738 -0.69357
102 -0.451963 2.09044 -0.638479 489 -28.5354 -1.22897 0.764376
103 1.81348 0.175004 0.0115124 460 -28.7002 1.06415 -0.363933
105 2.19803 0.209541 -0.40757 432 -27.6637 -0.0276447 -0.308644
107 1.3944 -1.01317 0.618769 404 -28.6449 -0.953576 0.598508
108 1.22437 0.843137 -0.0675054 375 -28.7566 0.841947 -0.0853867
110 2.70813 0.640621 -0.348747 347 -27.3288 0.585787 -0.256961
113 2.94313 -0.405621 0.462495 320 -26.9281 -0.185095 0.11323
116 3.51937 0.981864 -1.50123 293 -26.9586 0.154594 -0.195958
119 0.979399 -3.52183 5.54244 266 -27.2373 -0.43328 0.670601
122 10.563 13.1055 -15.6685 239 -26.0921 1.57852 2.51355
130 -10.2315 -33.9001 19.1316 217 -15.3944 9.11918 1.27519
105 -20.6369 23.4947 -7.85788 212 6.66956 12.9448 -2.61432
100 2.77898 -0.0789014 -0.700077 229 24.7161 5.10181 -1.81793
102 0.520944 -2.17913 0.658188 257 29.466 -0.351975 -0.113977
101 -1.86276 -0.204568 0.0673238 286 28.4201 -0.693906 0.273834
99 -2.06992 -0.00259627 0.0725164 314 27.8538 0.127598 0.0186389
97 -1.85756 0.214953 -0.357389 342 28.1649 0.183515 -0.34839
95 -2.49983 -0.857215 0.357041 370 27.4867 -0.861656 0.374922
92 -3.14313 0.213907 -0.070774 397 26.8882 0.26311 -0.151298
89 -2.92764 0.00158553 -0.073945 424 26.9605 -0.190785 0.230271
86 -3.1463 -0.220249 0.366554 451 27.2698 0.500029 -0.769786
83 -2.48714 0.879412 -2.39227 478 25.9605 -1.80933 1.84887
79 -7.90513 -6.2974 11.2025 504 27.8884 3.73729 -4.62571
76 13.1077 27.3102 -16.4178 531 21.4859 -10.1398 -3.34605
#  
234 11.1067 18.9309 -8.03766 538 0.529132 -15.6001 7.07098
256 24.8556 -5.18205 -4.67356 530 -9.45815 5.61283 -5.15468
271 0.470824 -19.2027 8.73192 521 -13.6965 -9.8512 3.54772
261 -11.7389 6.99301 -3.25411 501 -22.7558 0.791971 -0.0362181
253 -7.51521 -2.76932 1.28452 479 -21.2805 0.683316 -0.402851
244 -9.20027 1.08425 0.116023 458 -21.1224 -0.525237 -0.352378
236 -6.6837 1.43232 -0.748613 436 -23.23 -1.58237 0.812362
230 -6.06491 -0.813522 0.87843 412 -23.9576 0.854716 -0.897071
224 -5.05666 1.82177 -0.765108 388 -24.9394 -1.8365 0.775921
220 -3.70845 -0.473555 0.182002 362 -26.2847 0.491267 -0.206613
216 -4.10955 0.0724506 0.0371007 336 -25.922 -0.128571 0.0505293
212 -3.85335 0.183753 0.669595 310 -26.0275 0.0230171 -0.995505
209 -1.47706 2.19254 -0.715482 283 -28.968 -2.9635 1.93149
209 0.761574 0.0460918 1.19233 253 -29.1005 2.83097 -1.73046
211 4.43076 3.62309 -0.0538539 225 -28.6299 -2.36039 8.99033
219 11.5154 3.46153 1.02308 203 -6.37973 24.6106 -12.2309
235 21.5077 6.53078 -2.03847 209 6.14886 -12.082 5.93316
261 28.4538 0.415359 -0.86919 209 -0.2157 5.71746 -3.50176
289 26.677 -2.19221 -0.484766 211 0.713941 -4.78782 0.0738754
313 20.8383 -3.64651 1.80825 207 -8.64007 -4.56619 2.20626
332 18.97 1.77825 -0.748252 196 -11.1537 2.05258 -0.898902
352 20.2817 -0.466502 1.18475 186 -9.74522 -0.644127 1.38935
373 22.903 3.08776 0.00924104 177 -6.86542 3.52393 -0.658505
399 29.1062 3.11548 -2.22172 173 -1.79308 1.54841 0.244668
429 28.672 -3.54967 1.87763 173 2.03775 2.28242 -1.32017
456 27.2056 2.08321 -1.28879 176 2.64208 -1.67808 1.036
484 27.5056 -1.78316 0.277527 178 2.39392 1.42992 0.176162
510 24.7719 -0.950576 1.17868 182 5.78224 1.95841 -2.74065
535 26.4068 2.58546 -0.992247 187 1.47711 -6.26354 2.78643
563 28.601 -0.391277 -0.209692 185 -2.69067 2.09576 -1.40509
591 27.1893 -1.02035 -1.16898 183 -2.71441 -2.1195 -0.166086
616 21.6417 -4.52731 4.88563 178 -7.45167 -2.61776 2.06943
638 27.244 10.1296 -14.3735 170 -6.4789 3.59053 -4.11163
661 4.38252 -32.991 10.6085 163 -11.6327 -8.74436 8.3771
643 -29.774 -1.16551 3.93953 151 -3.99017 16.3869 -11.3968
616 -20.2865 10.6531 -7.36661 152 -5.40658 -17.8033 10.2099
599 -21.0802 -11.4468 4.52691 139 -10.3835 12.8264 -4.44294
571 -30.3929 2.13397 0.258968 137 1.94055 -0.502386 -1.43817
543 -25.3481 2.91087 -0.562782 137 -3.37872 -4.81689 1.19561
520 -21.2147 1.22253 -2.00784 130 -9.42567 -1.23006 2.65573
498 -24.7932 -4.80099 2.59414 122 -3.9186 6.73713 -1.81852
471 -26.6127 2.98143 -1.36873 123 4.10008 1.28156 -0.381639
446 -24.756 -1.12475 -0.119232 128 5.51828 0.136641 -1.65492
420 -27.3632 -1.48244 0.845655 132 0.826798 -4.82812 2.00133
392 -27.7911 1.05452 -0.263389 130 -2.82547 1.17585 0.649619
365 -26.4723 0.264354 -0.792098 129 1.47509 3.12471 -1.5998
338 -28.3198 -2.11194 2.43178 132 2.9251 -1.6747 -1.25041
310 -25.2484 5.1834 -2.93502 132 -4.17551 -5.42592 2.60143
287 -23.6866 -3.62166 1.3083 125 -7.22306 2.37837 0.844692
261 -27.0051 0.303251 0.701803 121 0.067752 4.91244 -0.980196
235 -24.2931 2.40866 -2.11552 125 6.95205 1.97186 -2.92391
211 -25.8224 -3.93789 1.76027 131 2.12404 -6.79987 2.67583
183 -28.4174 1.34291 0.0744477 129 -3.44821 1.22762 1.22058
156 -25.5082 1.56625 -0.0580581 128 2.66879 4.88938 -1.55817
132 -22.5499 1.39208 -1.84222 134 7.77304 0.214865 -0.987902
109 -25.2924 -4.13457 2.42692 141 5.23906 -2.74884 -1.49022
82 -26.2807 3.14619 0.13454 142 -4.72929 -7.21951 6.94879
59 -19.5847 3.54981 -2.96508 137 1.67808 13.6269 -4.30495
40 -21.3804 -5.34543 13.7258 148 16.017 0.712022 -3.72899
27 9.10613 35.8319 -17.938 161 6.25403 -10.475 7.22092
54 26.9558 -17.9822 7.02634 164 6.96689 11.1878 -4.1547
70 12.0705 3.09685 -0.167347 178 16.8784 -1.2763 -0.602107
85 17.7622 2.59481 0.643042 193 12.5195 -3.08262 -0.436868
106 24.8809 4.52393 -2.40482 202 5.04364 -4.39322 2.34958
133 26.7143 -2.69053 -2.02375 205 3.30593 2.65551 2.03856
155 15.262 -8.7618 3.49984 213 14.7326 8.77118 -3.50381
165 8.23788 1.73773 -0.97561 233 21.7636 -1.74024 0.976676
174 8.7865 -1.18911 0.402601 254 21.2131 1.18979 -0.402896
182 7.6161 0.0186963 -0.634792 276 22.384 -0.0189031 0.63491
189 5.74911 -1.88568 1.13657 299 24.2509 1.88583 -1.13674
194 5.38745 1.52402 -0.911477 324 24.6123 -1.5244 0.912059
200 5.70107 -1.21041 0.509341 348 24.2997 1.21178 -0.511494
205 4.80827 0.317615 -0.125889 373 25.1888 -0.322706 0.133918
210 5.06584 -0.0600511 -0.00578648 398 24.9451 0.0790487 -0.0241791
215 4.92838 -0.0774106 0.149035 423 25.0307 0.00651145 -0.037202
220 5.22066 0.369693 -0.590352 448 24.9321 -0.105095 0.172987
225 4.18899 -1.40136 1.21237 473 25.2409 0.413867 0.345254
229 5.02338 2.23576 -3.25914 499 27.1044 1.44963 -2.554
233 -0.282528 -7.54167 8.8242 525 22.3416 -6.21238 -3.12924
#  
269 0.736595 -3.28939 1.5528 489 -14.5785 -24.3318 9.91029
268 -1.1838 1.369 -0.185196 460 -33.5112 5.39913 -1.88796
268 0.998604 0.813407 0.187989 430 -28.3768 -0.264754 0.641548
270 3.18939 1.37737 -0.56676 402 -26.9817 1.65989 -0.67823
274 4.24385 -0.322905 0.0790497 376 -25.6966 -0.374801 0.0713716
278 3.83519 -0.0857556 0.250561 350 -26.2321 -0.160686 0.392743
282 4.41537 0.665927 -0.0812931 324 -25.3752 1.01754 -0.642345
287 5.50334 0.422048 -0.925389 299 -25.2671 -0.90949 1.17664
292 3.57127 -2.35412 -4.21715 274 -23.5562 2.62042 1.9358
289 -13.7884 -15.0056 7.794 255 -12.508 8.42782 -4.91985
268 -20.4176 8.37642 -2.95884 246 -10.4119 -6.33171 1.74358
253 -12.5413 -0.500107 -1.95863 231 -17.8446 -1.10097 5.94552
238 -19.4174 -6.37599 7.79336 218 -2.20992 16.7356 -2.52568
220 -8.78928 17.0041 -7.2148 230 23.6842 9.15856 -3.84281
221 3.57447 -4.64033 2.06586 259 30.4729 -2.36986 0.896914
222 0.491384 1.55724 -0.048625 288 28.424 0.320881 -0.744847
224 3.45999 1.41137 -0.871357 316 26.8312 -1.91366 1.08247
228 3.66865 -1.20271 0.534055 342 26.2513 1.33376 -0.585051
231 2.8654 0.399458 0.735139 369 27.1637 -0.42139 -0.742271
235 5.86974 2.60488 -1.47461 395 24.0941 -2.6482 1.55413
242 6.65565 -1.81896 1.16331 418 23.4601 2.0142 -1.47426
248 6.50765 1.67096 -0.178614 442 23.0657 -2.40859 1.34292
256 9.31373 1.13512 -1.44885 464 22.2773 1.62017 -2.89743
265 7.23742 -3.21143 -0.0259864 485 16.8253 -7.0721 -5.75322
#  
670 -13.2439 -9.58537 7.82927 485 -7.53659 -7.39024 -0.0731707
655 -8.92683 13.9024 -1.97561 470 -22.5366 -7.60976 5.14634
658 12.9512 7.97561 -2.92683 445 -22.3171 7.82927 2.4878
676 20.122 -0.804878 -2.31707 433 0.804878 15.2927 -3.09756
693 11.561 -7.7561 -1.80488 446 22.0976 6 -4.09756
695 -9.36585 -13.1707 7.53659 470 21.8049 -6.29268 -0.512195
680 -13.0976 9.43902 -6.34146 485 7.68293 -7.82927 0.146341
#  
386 -22.2439 10.3902 -3.14634 465 -6.29268 -10.8293 2.12195
371 -10.9024 0.951219 3.95122 450 -21.5854 -4.46341 2.04878
365 2.85366 12.8049 -2.65854 426 -24.3659 1.68293 5.68293
378 20.4878 4.82927 -4.31707 409 -3.95122 18.7317 -5.78049
399 17.1951 -8.12195 1.92683 418 16.1707 1.39024 1.43902
410 6.73171 -2.34146 -5.39024 437 23.2683 5.70732 -5.97561
409 -14.122 -18.5122 9.63415 460 16.7561 -12.2195 0.463415
#  
